Ascomycota: (0.8444218515250481, 0.7579544029403025, 0.420571580830845)
Basidiomycota: (0.25891675029296335, 0.5112747213686085, 0.4049341374504143)
Mucoromycota: (0.7837985890347726, 0.30331272607892745, 0.4765969541523558)
Cryptomycota: (0.5833820394550312, 0.9081128851953352, 0.5046868558173903)
Microsporidia: (0.28183784439970383, 0.7558042041572239, 0.6183689966753316)
Chytridiomycota: (0.25050634136244054, 0.9097462559682401, 0.9827854760376531)
Blastocladiomycota: (0.8102172359965896, 0.9021659504395827, 0.3101475693193326)
Zoopagomycota: (0.7298317482601286, 0.8988382879679935, 0.6839839319154413)
Olpidiomycota: (0.47214271545271336, 0.1007012080683658, 0.4341718354537837)
Chordata: (0.6108869734438016, 0.9130110532378982, 0.9666063677707588)
Nematoda: (0.47700977655271704, 0.8653099277716401, 0.2604923103919594)
Arthropoda: (0.8050278270130223, 0.5486993038355893, 0.014041700164018955)
Cnidaria: (0.7197046864039541, 0.39882354222426875, 0.824844977148233)
Mollusca: (0.6681532012318508, 0.0011428193144282783, 0.49357786646532464)
Annelida: (0.8676027754927809, 0.24391087688713198, 0.32520436274739006)
Rotifera: (0.8704712321086546, 0.19106709150239054, 0.5675107406206719)
Platyhelminthes: (0.23861592861522019, 0.9675402502901433, 0.80317946927987)
Orthonectida: (0.44796957143557037, 0.08044581855253541, 0.32005460467254576)
Tardigrada: (0.5079406425205739, 0.9328338242269067, 0.10905784593110368)
Brachiopoda: (0.5512672460905512, 0.7065614098668896, 0.5474409113284238)
Porifera: (0.814466863291336, 0.540283606970324, 0.9638385459738009)
Echinodermata: (0.603185627961383, 0.5876170641754364, 0.4449890262755162)
Bryozoa: (0.5962868615831063, 0.38490114597266045, 0.5756510141648885)
Placozoa: (0.290329502402758, 0.18939132855435614, 0.1867295282555551)
