0.00 1.34 2.78 2.97 2.92 5.31 6.75 6.41 7.97 6.60 8.62 11.47 13.02 14.88 16.35 13.50 9.65 14.19 14.80 11.30 12.11 14.50 14.93 9.55 13.75 16.56 14.23 12.50 17.57 19.59 22.69 26.59 25.82 24.92 22.82 20.97 20.54 16.45 15.77 15.48 13.02 7.17 12.28 11.12 7.07 9.11 10.72 8.71 5.97 8.94 11.14 8.04 6.25 11.68 13.39 14.32 14.28 11.13 9.61 12.13 11.17 3.44 7.38
1.34 0.00 1.34 3.25 3.32 3.33 5.25 5.06 7.94 8.16 10.86 12.18 11.15 12.39 13.16 10.30 6.21 10.66 11.65 8.32 8.90 11.37 12.58 7.60 11.45 14.28 13.79 11.71 16.08 18.25 21.26 25.87 25.50 24.76 23.06 20.81 20.07 16.60 15.20 14.41 12.42 7.99 10.86 8.72 6.14 6.78 7.79 4.78 3.58 5.90 7.36 4.14 3.77 8.33 10.38 12.38 11.78 8.44 8.57 10.76 9.71 2.84 8.20
2.78 1.34 0.00 1.33 3.27 3.32 3.03 2.99 4.27 3.54 5.91 7.26 7.43 9.34 11.37 9.25 6.08 10.57 11.02 7.31 9.01 11.74 12.26 7.14 12.14 14.87 13.01 12.10 17.07 19.83 22.47 26.66 26.74 26.38 24.49 22.03 21.73 18.07 16.80 16.92 14.89 8.80 13.00 11.94 8.57 8.92 10.52 8.38 5.52 7.73 9.78 7.22 3.65 8.22 8.68 8.63 9.83 7.79 2.95 6.85 8.43 4.05 2.54
2.97 3.25 1.33 0.00 1.34 3.19 2.99 4.45 6.66 7.01 9.40 11.01 12.34 14.21 14.68 11.28 8.46 12.74 12.05 8.52 9.95 12.32 11.66 6.11 11.39 14.01 10.25 9.58 15.43 18.33 20.85 24.30 24.30 24.04 21.89 19.52 19.64 15.60 14.79 15.54 13.40 6.01 12.22 12.09 8.17 8.44 10.89 10.32 6.79 9.50 11.91 9.99 6.16 11.92 14.43 16.11 16.52 13.41 10.73 14.38 14.16 6.70 9.91
2.92 3.32 3.27 1.34 0.00 1.33 3.34 5.75 8.61 9.61 12.44 13.58 12.81 13.63 13.51 10.29 8.10 11.06 10.17 6.89 7.67 9.66 8.89 3.49 8.14 10.81 8.56 6.95 12.20 14.28 17.32 21.49 20.99 20.29 18.50 16.26 15.66 12.03 10.77 10.80 8.89 4.08 7.31 7.22 3.97 4.06 6.19 6.70 3.79 6.50 9.16 9.04 6.99 11.56 13.98 16.75 17.07 13.91 12.50 15.78 15.08 7.03 11.99
5.31 3.33 3.32 3.19 1.33 0.00 1.33 3.15 6.67 9.21 11.90 10.56 8.89 8.92 9.64 6.37 3.53 6.75 7.03 3.44 4.07 6.41 7.63 3.55 6.31 9.11 9.97 8.07 11.55 14.09 16.75 21.82 22.05 21.76 20.48 17.69 16.84 14.24 12.05 12.33 11.50 6.41 7.76 8.65 5.91 3.89 5.85 6.53 3.65 3.76 6.18 7.31 4.45 6.98 9.63 12.60 14.44 11.71 9.85 13.44 14.73 9.22 11.71
6.75 5.25 3.03 2.99 3.34 1.33 0.00 1.33 4.46 7.42 9.87 8.68 9.74 11.69 10.53 7.07 7.49 9.91 8.77 5.42 7.55 10.10 7.52 4.33 9.33 11.18 5.96 7.34 13.36 16.76 18.72 21.45 22.31 22.79 20.65 17.84 18.67 14.95 14.20 16.07 14.55 7.48 12.38 13.00 9.70 8.46 10.91 11.18 7.46 9.38 12.06 12.18 7.50 12.34 15.07 17.42 18.93 16.18 11.89 16.98 17.67 10.85 13.06
6.41 5.06 2.99 4.45 5.75 3.15 1.33 0.00 1.32 3.94 6.51 6.55 6.24 8.08 7.61 4.33 4.12 6.50 7.02 3.72 6.23 9.00 9.69 6.80 11.25 12.75 12.72 12.51 17.07 20.16 22.34 26.90 27.50 27.49 25.71 22.95 22.80 19.41 17.92 18.62 17.11 10.57 14.15 14.16 10.90 9.64 11.61 10.65 7.48 8.10 10.44 9.60 4.39 8.93 11.56 13.31 15.19 12.87 7.79 12.99 14.56 8.89 9.54
7.97 7.94 4.27 6.66 8.61 6.67 4.46 1.32 0.00 1.33 3.09 3.09 5.73 9.03 10.52 6.52 7.51 10.36 11.18 7.93 10.58 13.37 13.52 10.34 15.22 16.79 16.17 16.13 20.76 23.86 26.16 30.48 31.10 31.03 29.25 26.54 26.30 22.90 21.40 21.89 20.32 13.81 17.59 17.64 14.26 13.27 15.33 14.17 10.99 11.82 14.10 12.32 7.55 11.62 13.64 13.69 15.86 14.04 7.18 12.95 14.78 9.95 8.56
6.60 8.16 3.54 7.01 9.61 9.21 7.42 3.94 1.33 0.00 1.33 3.22 6.39 9.49 11.68 8.33 8.71 12.33 13.83 10.81 13.08 15.89 16.65 12.96 17.71 19.85 18.89 18.49 23.16 25.94 28.53 32.98 33.23 32.86 31.01 28.55 28.14 24.58 23.22 23.29 21.48 15.20 19.03 18.47 15.10 14.52 16.07 14.07 11.25 12.87 14.05 10.54 7.20 11.47 12.09 10.93 11.40 10.14 5.12 6.98 8.39 6.05 3.59
8.62 10.86 5.91 9.40 12.44 11.90 9.87 6.51 3.09 1.33 0.00 1.34 7.06 10.58 12.43 6.96 10.79 13.94 15.40 13.01 15.36 18.10 18.84 15.62 20.28 21.86 21.48 21.26 25.86 28.67 31.20 35.72 36.05 35.70 33.87 31.39 30.97 27.43 26.05 26.09 24.29 18.03 21.76 21.14 17.82 17.16 18.48 16.59 13.63 15.07 16.42 13.57 9.73 13.53 14.65 14.30 16.08 14.37 7.40 12.52 13.64 10.81 7.90
11.47 12.18 7.26 11.01 13.58 10.56 8.68 6.55 3.09 3.22 1.34 0.00 3.65 7.17 8.36 2.88 7.29 10.07 11.04 10.03 12.46 14.84 15.44 14.14 18.03 17.80 20.19 20.22 23.97 27.06 29.12 33.97 34.98 35.04 33.59 30.66 30.17 27.32 25.39 25.78 24.63 18.82 21.10 21.27 18.17 16.49 17.93 16.97 13.67 12.78 16.07 14.02 10.22 12.65 14.48 13.41 16.44 15.61 8.19 14.13 16.25 12.85 9.92
13.02 11.15 7.43 12.34 12.81 8.89 9.74 6.24 5.73 6.39 7.06 3.65 0.00 1.32 3.04 2.83 2.98 5.07 6.97 7.78 8.93 10.84 12.54 12.47 14.77 14.64 18.17 18.14 20.79 23.44 25.53 31.16 32.12 32.06 31.08 28.09 27.08 24.97 22.53 22.59 22.02 17.82 17.69 17.98 15.43 13.07 13.88 13.68 10.46 7.62 11.82 10.99 7.24 7.13 9.98 8.93 13.07 13.38 6.78 12.57 15.22 12.81 10.19
14.88 12.39 9.34 14.21 13.63 8.92 11.69 8.08 9.03 9.49 10.58 7.17 1.32 0.00 1.34 3.42 3.52 2.95 4.99 6.96 7.78 8.09 10.86 12.44 13.11 12.60 16.68 17.48 18.72 21.46 23.19 29.43 30.52 30.52 29.91 26.83 25.55 24.11 21.33 21.31 21.29 18.14 15.95 17.06 15.09 12.23 12.63 13.12 10.48 5.19 9.69 9.07 5.45 4.10 6.08 2.82 7.81 9.73 6.60 9.41 12.23 12.62 10.61
16.35 13.16 11.37 14.68 13.51 9.64 10.53 7.61 10.52 11.68 12.43 8.36 3.04 1.34 0.00 1.34 3.22 3.27 3.08 5.13 7.02 7.05 9.18 11.03 12.43 10.40 15.24 16.60 18.24 21.11 22.52 28.27 29.82 30.17 29.51 26.22 25.28 23.85 21.10 21.62 21.66 18.13 16.05 18.06 15.97 12.92 14.17 15.11 12.24 6.88 12.75 12.73 8.91 6.43 10.75 9.97 14.51 15.26 10.14 14.91 17.60 15.76 14.07
13.50 10.30 9.25 11.28 10.29 6.37 7.07 4.33 6.52 8.33 6.96 2.88 2.83 3.42 1.34 0.00 1.34 3.30 3.37 3.03 5.03 6.93 7.94 8.51 10.70 10.02 13.59 14.08 16.70 19.82 21.55 26.77 28.11 28.42 27.42 24.20 23.53 21.53 19.07 19.77 19.40 15.03 15.03 16.23 13.71 10.85 12.92 13.52 10.52 6.94 11.81 12.36 9.05 8.27 11.94 12.22 16.38 15.78 10.39 15.83 18.26 14.49 13.97
9.65 6.21 6.08 8.46 8.10 3.53 7.49 4.12 7.51 8.71 10.79 7.29 2.98 3.52 3.22 1.34 0.00 1.33 3.28 3.28 2.93 4.93 6.93 7.52 8.67 9.77 12.25 12.48 14.66 17.34 19.40 25.07 26.03 26.06 25.22 22.13 21.09 19.31 16.68 16.98 16.63 12.84 12.16 12.59 9.91 7.77 8.80 8.55 5.27 3.71 6.56 6.33 3.60 3.58 5.98 8.19 10.75 9.72 6.40 10.56 12.81 9.47 10.17
14.19 10.66 10.57 12.74 11.06 6.75 9.91 6.50 10.36 12.33 13.94 10.07 5.07 2.95 3.27 3.30 1.33 0.00 1.33 3.22 3.37 2.89 4.91 6.86 7.60 6.81 10.72 12.35 13.15 16.02 17.58 23.46 24.86 25.18 24.70 21.40 20.31 19.27 16.33 16.92 17.34 14.03 11.02 14.08 12.51 8.58 10.49 11.89 9.15 3.33 9.45 10.85 8.22 5.00 9.87 11.39 14.90 14.18 10.64 15.14 17.49 14.26 14.55
14.80 11.65 11.02 12.05 10.17 7.03 8.77 7.02 11.18 13.83 15.40 11.04 6.97 4.99 3.08 3.37 3.28 1.33 0.00 1.33 3.40 3.43 3.10 5.05 6.96 5.04 9.06 11.02 12.53 15.76 17.07 22.21 24.00 24.67 23.95 20.49 19.94 18.61 15.93 17.17 17.42 13.96 11.48 15.09 13.25 8.81 11.71 13.66 11.18 5.96 11.48 13.33 10.70 7.98 12.53 14.07 17.67 16.81 13.19 17.89 20.21 16.54 16.96
11.30 8.32 7.31 8.52 6.89 3.44 5.42 3.72 7.93 10.81 13.01 10.03 7.78 6.96 5.13 3.03 3.28 3.22 1.33 0.00 1.34 3.32 3.39 2.99 4.79 6.77 7.68 8.12 10.69 14.00 15.78 20.74 22.00 22.41 21.40 18.10 17.60 15.72 13.23 14.42 14.31 10.77 9.70 12.25 10.19 5.86 9.03 11.17 8.80 6.58 10.36 12.27 8.41 9.76 13.28 15.47 18.18 16.42 12.22 17.22 19.18 13.70 14.90
12.11 8.90 9.01 9.95 7.67 4.07 7.55 6.23 10.58 13.08 15.36 12.46 8.93 7.78 7.02 5.03 2.93 3.37 3.40 1.34 0.00 1.33 3.25 3.23 2.77 4.66 6.57 7.60 7.58 9.96 12.35 19.04 19.46 19.11 19.16 16.33 14.27 13.85 10.75 10.49 11.23 8.43 4.08 7.68 7.25 3.68 4.08 6.39 6.43 3.45 6.38 8.95 8.49 7.58 10.59 13.78 16.15 13.73 12.64 16.31 18.12 13.75 15.60
14.50 11.37 11.74 12.32 9.66 6.41 10.10 9.00 13.37 15.89 18.10 14.84 10.84 8.09 7.05 6.93 4.93 2.89 3.43 3.32 1.33 0.00 1.33 3.39 3.64 3.02 5.04 7.11 7.78 10.89 11.99 17.53 19.33 20.09 19.77 16.25 15.48 15.08 12.09 13.55 14.54 11.45 7.09 12.08 10.97 6.35 8.86 10.97 9.83 5.91 10.08 12.49 11.34 8.74 13.35 16.04 18.96 16.91 15.32 19.24 21.15 16.61 18.36
14.93 12.58 12.26 11.66 8.89 7.63 7.52 9.69 13.52 16.65 18.84 15.44 12.54 10.86 9.18 7.94 6.93 4.91 3.10 3.39 3.25 1.33 0.00 1.34 3.39 3.42 3.02 5.27 7.10 10.56 11.84 16.21 18.14 19.13 18.36 14.76 14.71 13.61 11.13 12.95 13.68 10.23 8.06 12.09 11.48 6.73 10.15 12.79 11.66 8.95 12.60 14.95 13.21 12.48 16.08 18.95 21.64 19.50 17.46 21.66 23.55 18.36 20.27
9.55 7.60 7.14 6.11 3.49 3.55 4.33 6.80 10.34 12.96 15.62 14.14 12.47 12.44 11.03 8.51 7.52 6.86 5.05 2.99 3.23 3.39 1.34 0.00 1.33 3.28 3.19 2.95 4.90 8.32 10.32 14.90 15.94 16.44 15.48 12.07 11.76 10.26 7.71 9.68 10.04 6.84 5.43 8.59 8.25 3.77 7.64 10.14 7.66 8.61 11.37 12.95 9.70 12.99 15.59 18.61 20.48 17.63 15.10 19.26 20.13 13.55 16.54
13.75 11.45 12.14 11.39 8.14 6.31 9.33 11.25 15.22 17.71 20.28 18.03 14.77 13.11 12.43 10.70 8.67 7.60 6.96 4.79 2.77 3.64 3.39 1.33 0.00 1.34 3.29 3.36 2.98 5.94 7.61 13.32 14.47 15.00 14.75 11.30 10.36 10.41 7.30 8.67 10.28 7.63 3.29 8.14 8.66 3.92 6.49 9.14 9.68 7.59 10.20 12.88 12.80 12.31 15.13 18.52 20.73 17.73 18.00 21.13 22.38 16.96 20.05
16.56 14.28 14.87 14.01 10.81 9.11 11.18 12.75 16.79 19.85 21.86 17.80 14.64 12.60 10.40 10.02 9.77 6.81 5.04 6.77 4.66 3.02 3.42 3.28 1.34 0.00 1.33 3.27 3.37 6.24 6.97 11.49 13.65 14.93 14.71 11.02 10.78 11.29 8.01 9.88 11.97 9.65 5.03 10.20 11.03 6.53 9.21 11.99 12.44 10.47 13.30 15.85 15.50 13.66 18.00 20.82 23.63 20.74 20.42 23.86 25.12 19.77 22.76
14.23 13.79 13.01 10.25 8.56 9.97 5.96 12.72 16.17 18.89 21.48 20.19 18.17 16.68 15.24 13.59 12.25 10.72 9.06 7.68 6.57 5.04 3.02 3.19 3.29 1.33 0.00 1.33 3.37 6.45 7.79 10.52 12.23 13.50 12.58 8.90 9.66 8.93 6.19 8.59 10.49 7.56 6.49 10.10 11.42 6.24 10.70 13.53 13.36 12.58 15.32 17.70 16.47 17.30 20.19 23.52 25.74 22.68 21.93 25.58 26.49 18.81 23.08
12.50 11.71 12.10 9.58 6.95 8.07 7.34 12.51 16.13 18.49 21.26 20.22 18.14 17.48 16.60 14.08 12.48 12.35 11.02 8.12 7.60 7.11 5.27 2.95 3.36 3.27 1.33 0.00 1.34 3.41 6.09 10.54 10.62 10.83 10.25 6.89 6.13 6.09 3.25 4.46 6.45 3.68 3.81 6.72 7.97 2.99 8.17 10.76 10.46 11.58 13.66 15.67 14.38 16.91 19.28 22.59 24.06 20.70 20.26 23.46 23.64 16.57 21.20
17.57 16.08 17.07 15.43 12.20 11.55 13.36 17.07 20.76 23.16 25.86 23.97 20.79 18.72 18.24 16.70 14.66 13.15 12.53 10.69 7.58 7.78 7.10 4.90 2.98 3.37 3.37 1.34 0.00 1.34 2.91 7.85 9.17 10.32 10.50 6.95 6.26 7.89 4.29 5.80 8.37 7.40 3.85 8.28 10.29 6.47 9.79 12.45 13.81 12.60 12.71 17.53 18.00 17.38 19.98 23.35 25.43 22.18 23.43 26.27 26.78 20.80 25.09
19.59 18.25 19.83 18.33 14.28 14.09 16.76 20.16 23.86 25.94 28.67 27.06 23.44 21.46 21.11 19.82 17.34 16.02 15.76 14.00 9.96 10.89 10.56 8.32 5.94 6.24 6.45 3.41 1.34 0.00 1.34 5.26 6.27 7.35 8.40 5.79 2.93 7.03 3.83 3.57 7.05 8.01 4.59 7.71 10.40 8.93 10.18 12.71 14.75 14.53 13.52 18.31 19.89 19.43 21.70 25.11 26.68 23.04 24.76 27.36 27.53 22.18 26.84
22.69 21.26 22.47 20.85 17.32 16.75 18.72 22.34 26.16 28.53 31.20 29.12 25.53 23.19 22.52 21.55 19.40 17.58 17.07 15.78 12.35 11.99 11.84 10.32 7.61 6.97 7.79 6.09 2.91 1.34 0.00 5.45 8.03 9.64 10.82 7.87 3.78 9.64 6.16 6.78 10.26 11.23 7.65 11.44 14.05 11.66 13.61 16.27 18.18 17.35 16.81 21.65 22.99 22.05 24.64 27.95 29.97 26.41 28.00 30.61 31.05 25.58 30.00
26.59 25.87 26.66 24.30 21.49 21.82 21.45 26.90 30.48 32.98 35.72 33.97 31.16 29.43 28.27 26.77 25.07 23.46 22.21 20.74 19.04 17.53 16.21 14.90 13.32 11.49 10.52 10.54 7.85 5.26 5.45 0.00 1.34 3.81 6.43 5.46 3.65 10.05 8.40 9.56 13.32 14.26 13.69 15.45 18.62 16.05 19.62 21.93 23.58 23.56 23.30 27.64 28.25 28.61 31.09 34.54 36.16 32.52 33.88 36.48 36.50 30.00 35.15
25.82 25.50 26.74 24.30 20.99 22.05 22.31 27.50 31.10 33.23 36.05 34.98 32.12 30.52 29.82 28.11 26.03 24.86 24.00 22.00 19.46 19.33 18.14 15.94 14.47 13.65 12.23 10.62 9.17 6.27 8.03 1.34 0.00 1.34 3.29 3.23 2.92 6.88 7.58 7.91 10.81 12.39 12.89 12.88 17.05 15.97 18.90 20.80 22.66 23.51 22.27 26.72 28.03 28.67 30.77 34.18 35.20 31.47 33.21 35.71 35.19 28.78 34.55
24.92 24.76 26.38 24.04 20.29 21.76 22.79 27.49 31.03 32.86 35.70 35.04 32.06 30.52 30.17 28.42 26.06 25.18 24.67 22.41 19.11 20.09 19.13 16.44 15.00 14.93 13.50 10.83 10.32 7.35 9.64 3.81 1.34 0.00 1.33 3.33 3.20 5.23 6.96 6.36 8.41 11.15 12.15 10.36 15.63 15.75 17.78 19.34 21.48 22.77 20.87 25.22 27.29 27.94 29.75 33.09 33.72 29.97 31.89 34.41 33.57 27.45 33.48
22.82 23.06 24.49 21.89 18.50 20.48 20.65 25.71 29.25 31.01 33.87 33.59 31.08 29.91 29.51 27.42 25.22 24.70 23.95 21.40 19.16 19.77 18.36 15.48 14.75 14.71 12.58 10.25 10.50 8.40 10.82 6.43 3.29 1.33 0.00 1.33 3.28 3.17 5.32 7.07 6.22 9.41 11.13 9.59 14.25 14.38 17.16 18.42 20.32 21.82 20.83 24.13 25.89 27.45 29.20 32.53 32.93 29.20 30.92 33.31 32.23 25.55 31.88
20.97 20.81 22.03 19.52 16.26 17.69 17.84 22.95 26.54 28.55 31.39 30.66 28.09 26.83 26.22 24.20 22.13 21.40 20.49 18.10 16.33 16.25 14.76 12.07 11.30 11.02 8.90 6.89 6.95 5.79 7.87 5.46 3.23 3.33 1.33 0.00 1.34 3.24 2.89 4.97 6.80 7.77 8.81 9.79 12.69 11.52 14.85 16.74 18.33 19.48 18.98 22.49 23.53 24.91 26.95 30.34 31.20 27.49 29.03 31.43 30.80 24.05 29.93
20.54 20.07 21.73 19.64 15.66 16.84 18.67 22.80 26.30 28.14 30.97 30.17 27.08 25.55 25.28 23.53 21.09 20.31 19.94 17.60 14.27 15.48 14.71 11.76 10.36 10.78 9.66 6.13 6.26 2.93 3.78 3.65 2.92 3.20 3.28 1.34 0.00 3.28 3.28 2.85 4.97 6.91 7.15 7.19 11.08 10.93 12.95 14.74 16.72 17.85 16.33 20.64 22.43 23.00 24.91 28.28 29.11 25.37 27.18 29.71 29.14 23.11 28.80
16.45 16.60 18.07 15.60 12.03 14.24 14.95 19.41 22.90 24.58 27.43 27.32 24.97 24.11 23.85 21.53 19.31 19.27 18.61 15.72 13.85 15.08 13.61 10.26 10.41 11.29 8.93 6.09 7.89 7.03 9.64 10.05 6.88 5.23 3.17 3.24 3.28 0.00 1.33 3.38 3.32 3.21 5.20 6.83 8.22 8.30 11.31 12.87 14.20 15.73 15.93 18.21 19.49 21.61 23.40 26.70 27.13 23.45 24.89 27.20 26.26 19.34 25.52
15.77 15.20 16.80 14.79 10.77 12.05 14.20 17.92 21.40 23.22 26.05 25.39 22.53 21.33 21.10 19.07 16.68 16.33 15.93 13.23 10.75 12.09 11.13 7.71 7.30 8.01 6.19 3.25 4.29 3.83 6.16 8.40 7.58 6.96 5.32 2.89 3.28 1.33 0.00 1.34 3.22 3.08 2.78 4.94 6.91 6.10 8.78 10.72 12.30 13.42 13.30 16.53 17.67 18.96 20.90 24.29 25.17 21.47 22.97 25.40 24.96 18.58 24.12
15.48 14.41 16.92 15.54 10.80 12.33 16.07 18.62 21.89 23.29 26.09 25.78 22.59 21.31 21.62 19.77 16.98 16.92 17.17 14.42 10.49 13.55 12.95 9.68 8.67 9.88 8.59 4.46 5.80 3.57 6.78 9.56 7.91 6.36 7.07 4.97 2.85 3.38 1.34 0.00 1.32 3.26 3.26 2.90 5.23 7.05 7.65 8.88 10.93 12.40 11.07 14.63 16.83 17.88 19.42 22.71 23.19 19.44 21.28 23.79 23.09 17.44 23.06
13.02 12.42 14.89 13.40 8.89 11.50 14.55 17.11 20.32 21.48 24.29 24.63 22.02 21.29 21.66 19.40 16.63 17.34 17.42 14.31 11.23 14.54 13.68 10.04 10.28 11.97 10.49 6.45 8.37 7.05 10.26 13.32 10.81 8.41 6.22 6.80 4.97 3.32 3.22 1.32 0.00 1.33 3.37 3.47 3.70 5.92 7.58 7.92 9.76 11.73 11.74 13.35 15.67 17.50 19.10 22.27 22.30 18.60 20.21 22.53 21.40 15.06 21.20
7.17 7.99 8.80 6.01 4.08 6.41 7.48 10.57 13.81 15.20 18.03 18.82 17.82 18.14 18.13 15.03 12.84 14.03 13.96 10.77 8.43 11.45 10.23 6.84 7.63 9.65 7.56 3.68 7.40 8.01 11.23 14.26 12.39 11.15 9.41 7.77 6.91 3.21 3.08 3.26 1.33 0.00 1.32 3.13 2.89 3.10 5.18 6.83 7.78 9.24 10.75 12.08 11.60 15.15 17.03 20.31 20.90 17.28 17.58 20.20 19.35 11.21 17.07
12.28 10.86 13.00 12.22 7.31 7.76 12.38 14.15 17.59 19.03 21.76 21.10 17.69 15.95 16.05 15.03 12.16 11.02 11.48 9.70 4.08 7.09 8.06 5.43 3.29 5.03 6.49 3.81 3.85 4.59 7.65 13.69 12.89 12.15 11.13 8.81 7.15 5.20 2.78 3.26 3.37 1.32 0.00 1.34 3.23 3.16 2.88 4.92 6.75 7.68 7.65 10.75 12.35 13.15 14.93 18.30 19.27 15.60 17.15 19.66 19.59 14.26 18.99
11.12 8.72 11.94 12.09 7.22 8.65 13.00 14.16 17.64 18.47 21.14 21.27 17.98 17.06 18.06 16.23 12.59 14.08 15.09 12.25 7.68 12.08 12.09 8.59 8.14 10.20 10.10 6.72 8.28 7.71 11.44 15.45 12.88 10.36 9.59 9.79 7.19 6.83 4.94 2.90 3.47 3.13 1.34 0.00 1.33 3.40 3.45 2.96 5.07 6.97 6.40 8.45 10.89 12.38 13.73 16.90 17.09 13.36 15.14 17.63 17.00 12.09 17.05
7.07 6.14 8.57 8.17 3.97 5.91 9.70 10.90 14.26 15.10 17.82 18.17 15.43 15.09 15.97 13.71 9.91 12.51 13.25 10.19 7.25 10.97 11.48 8.25 8.66 11.03 11.42 7.97 10.29 10.40 14.05 18.62 17.05 15.63 14.25 12.69 11.08 8.22 6.91 5.23 3.70 2.89 3.23 1.33 0.00 1.34 3.21 3.24 2.87 4.98 6.86 7.16 8.66 10.69 12.56 15.68 15.98 12.44 13.48 15.82 15.34 9.17 14.54
9.11 6.78 8.92 8.44 4.06 3.89 8.46 9.64 13.27 14.52 17.16 16.49 13.07 12.23 12.92 10.85 7.77 8.58 8.81 5.86 3.68 6.35 6.73 3.77 3.92 6.53 6.24 2.99 6.47 8.93 11.66 16.05 15.97 15.75 14.38 11.52 10.93 8.30 6.10 7.05 5.92 3.10 3.16 3.40 1.34 0.00 1.33 3.35 3.24 3.05 5.16 6.98 7.79 8.85 10.87 14.20 15.48 12.04 12.84 15.39 15.89 10.94 14.52
10.72 7.79 10.52 10.89 6.19 5.85 10.91 11.61 15.33 16.07 18.48 17.93 13.88 12.63 14.17 12.92 8.80 10.49 11.71 9.03 4.08 8.86 10.15 7.64 6.49 9.21 10.70 8.17 9.79 10.18 13.61 19.62 18.90 17.78 17.16 14.85 12.95 11.31 8.78 7.65 7.58 5.18 2.88 3.45 3.21 1.33 0.00 1.34 3.27 3.21 2.91 4.95 6.86 7.68 8.96 12.28 13.36 9.75 11.41 14.06 14.43 11.27 14.49
8.71 4.78 8.38 10.32 6.70 6.53 11.18 10.65 14.17 14.07 16.59 16.97 13.68 13.12 15.11 13.52 8.55 11.89 13.66 11.17 6.39 10.97 12.79 10.14 9.14 11.99 13.53 10.76 12.45 12.71 16.27 21.93 20.80 19.34 18.42 16.74 14.74 12.87 10.72 8.88 7.92 6.83 4.92 2.96 3.24 3.35 1.34 0.00 1.35 3.22 3.31 2.80 4.95 6.89 8.20 11.11 11.20 7.57 9.02 11.53 11.45 7.93 11.46
5.97 3.58 5.52 6.79 3.79 3.65 7.46 7.48 10.99 11.25 13.63 13.67 10.46 10.48 12.24 10.52 5.27 9.15 11.18 8.80 6.43 9.83 11.66 7.66 9.68 12.44 13.36 10.46 13.81 14.75 18.18 23.58 22.66 21.48 20.32 18.33 16.72 14.20 12.30 10.93 9.76 7.78 6.75 5.07 2.87 3.24 3.27 1.35 0.00 1.32 3.36 3.41 3.07 4.86 7.07 10.00 10.95 7.88 7.88 10.44 11.29 7.07 9.80
8.94 5.90 7.73 9.50 6.50 3.76 9.38 8.10 11.82 12.87 15.07 12.78 7.62 5.19 6.88 6.94 3.71 3.33 5.96 6.58 3.45 5.91 8.95 8.61 7.59 10.47 12.58 11.58 12.60 14.53 17.35 23.56 23.51 22.77 21.82 19.48 17.85 15.73 13.42 12.40 11.73 9.24 7.68 6.97 4.98 3.05 3.21 3.22 1.32 0.00 1.34 3.23 3.25 2.81 4.61 7.99 9.93 7.24 7.67 10.40 11.96 9.14 11.29
11.14 7.36 9.78 11.91 9.16 6.18 12.06 10.44 14.10 14.05 16.42 16.07 11.82 9.69 12.75 11.81 6.56 9.45 11.48 10.36 6.38 10.08 12.60 11.37 10.20 13.30 15.32 13.66 12.71 13.52 16.81 23.30 22.27 20.87 20.83 18.98 16.33 15.93 13.30 11.07 11.74 10.75 7.65 6.40 6.86 5.16 2.91 3.31 3.36 1.34 0.00 1.33 3.35 3.91 3.65 6.48 7.47 4.18 5.95 8.72 9.60 8.16 10.71
8.04 4.14 7.22 9.99 9.04 7.31 12.18 9.60 12.32 10.54 13.57 14.02 10.99 9.07 12.73 12.36 6.33 10.85 13.33 12.27 8.95 12.49 14.95 12.95 12.88 15.85 17.70 15.67 17.53 18.31 21.65 27.64 26.72 25.22 24.13 22.49 20.64 18.21 16.53 14.63 13.35 12.08 10.75 8.45 7.16 6.98 4.95 2.80 3.41 3.23 1.33 0.00 1.34 3.52 3.73 5.89 5.87 3.36 3.16 5.70 6.77 3.57 6.66
6.25 3.77 3.65 6.16 6.99 4.45 7.50 4.39 7.55 7.20 9.73 10.22 7.24 5.45 8.91 9.05 3.60 8.22 10.70 8.41 8.49 11.34 13.21 9.70 12.80 15.50 16.47 14.38 18.00 19.89 22.99 28.25 28.03 27.29 25.89 23.53 22.43 19.49 17.67 16.83 15.67 11.60 12.35 10.89 8.66 7.79 6.86 4.95 3.07 3.25 3.35 1.34 0.00 1.33 3.41 5.29 7.26 5.38 3.47 6.93 8.41 3.93 5.17
11.68 8.33 8.22 11.92 11.56 6.98 12.34 8.93 11.62 11.47 13.53 12.65 7.13 4.10 6.43 8.27 3.58 5.00 7.98 9.76 7.58 8.74 12.48 12.99 12.31 13.66 17.30 16.91 17.38 19.43 22.05 28.61 28.67 27.94 27.45 24.91 23.00 21.61 18.96 17.88 17.50 15.15 13.15 12.38 10.69 8.85 7.68 6.89 4.86 2.81 3.91 3.52 1.33 0.00 1.34 3.60 6.45 6.27 5.30 8.21 10.19 8.44 9.59
13.39 10.38 8.68 14.43 13.98 9.63 15.07 11.56 13.64 12.09 14.65 14.48 9.98 6.08 10.75 11.94 5.98 9.87 12.53 13.28 10.59 13.35 16.08 15.59 15.13 18.00 20.19 19.28 19.98 21.70 24.64 31.09 30.77 29.75 29.20 26.95 24.91 23.40 20.90 19.42 19.10 17.03 14.93 13.73 12.56 10.87 8.96 8.20 7.07 4.61 3.65 3.73 3.41 1.34 0.00 1.33 3.23 3.02 2.87 4.83 6.73 7.35 8.29
14.32 12.38 8.63 16.11 16.75 12.60 17.42 13.31 13.69 10.93 14.30 13.41 8.93 2.82 9.97 12.22 8.19 11.39 14.07 15.47 13.78 16.04 18.95 18.61 18.52 20.82 23.52 22.59 23.35 25.11 27.95 34.54 34.18 33.09 32.53 30.34 28.28 26.70 24.29 22.71 22.27 20.31 18.30 16.90 15.68 14.20 12.28 11.11 10.00 7.99 6.48 5.89 5.29 3.60 1.33 0.00 1.34 3.43 3.45 2.95 5.09 6.87 7.02
14.28 11.78 9.83 16.52 17.07 14.44 18.93 15.19 15.86 11.40 16.08 16.44 13.07 7.81 14.51 16.38 10.75 14.90 17.67 18.18 16.15 18.96 21.64 20.48 20.73 23.63 25.74 24.06 25.43 26.68 29.97 36.16 35.20 33.72 32.93 31.20 29.11 27.13 25.17 23.19 22.30 20.90 19.27 17.09 15.98 15.48 13.36 11.20 10.95 9.93 7.47 5.87 7.26 6.45 3.23 1.34 0.00 1.33 3.22 3.24 2.95 4.96 6.94
11.13 8.44 7.79 13.41 13.91 11.71 16.18 12.87 14.04 10.14 14.37 15.61 13.38 9.73 15.26 15.78 9.72 14.18 16.81 16.42 13.73 16.91 19.50 17.63 17.73 20.74 22.68 20.70 22.18 23.04 26.41 32.52 31.47 29.97 29.20 27.49 25.37 23.45 21.47 19.44 18.60 17.28 15.60 13.36 12.44 12.04 9.75 7.57 7.88 7.24 4.18 3.36 5.38 6.27 3.02 3.43 1.33 0.00 1.35 3.30 3.21 2.71 4.91
9.61 8.57 2.95 10.73 12.50 9.85 11.89 7.79 7.18 5.12 7.40 8.19 6.78 6.60 10.14 10.39 6.40 10.64 13.19 12.22 12.64 15.32 17.46 15.10 18.00 20.42 21.93 20.26 23.43 24.76 28.00 33.88 33.21 31.89 30.92 29.03 27.18 24.89 22.97 21.28 20.21 17.58 17.15 15.14 13.48 12.84 11.41 9.02 7.88 7.67 5.95 3.16 3.47 5.30 2.87 3.45 3.22 1.35 0.00 1.33 3.25 3.16 2.83
12.13 10.76 6.85 14.38 15.78 13.44 16.98 12.99 12.95 6.98 12.52 14.13 12.57 9.41 14.91 15.83 10.56 15.14 17.89 17.22 16.31 19.24 21.66 19.26 21.13 23.86 25.58 23.46 26.27 27.36 30.61 36.48 35.71 34.41 33.31 31.43 29.71 27.20 25.40 23.79 22.53 20.20 19.66 17.63 15.82 15.39 14.06 11.53 10.44 10.40 8.72 5.70 6.93 8.21 4.83 2.95 3.24 3.30 1.33 0.00 1.34 3.30 3.45
11.17 9.71 8.43 14.16 15.08 14.73 17.67 14.56 14.78 8.39 13.64 16.25 15.22 12.23 17.60 18.26 12.81 17.49 20.21 19.18 18.12 21.15 23.55 20.13 22.38 25.12 26.49 23.64 26.78 27.53 31.05 36.50 35.19 33.57 32.23 30.80 29.14 26.26 24.96 23.09 21.40 19.35 19.59 17.00 15.34 15.89 14.43 11.45 11.29 11.96 9.60 6.77 8.41 10.19 6.73 5.09 2.95 3.21 3.25 1.34 0.00 1.33 3.38
3.44 2.84 4.05 6.70 7.03 9.22 10.85 8.89 9.95 6.05 10.81 12.85 12.81 12.62 15.76 14.49 9.47 14.26 16.54 13.70 13.75 16.61 18.36 13.55 16.96 19.77 18.81 16.57 20.80 22.18 25.58 30.00 28.78 27.45 25.55 24.05 23.11 19.34 18.58 17.44 15.06 11.21 14.26 12.09 9.17 10.94 11.27 7.93 7.07 9.14 8.16 3.57 3.93 8.44 7.35 6.87 4.96 2.71 3.16 3.30 1.33 0.00 1.33
7.38 8.20 2.54 9.91 11.99 11.71 13.06 9.54 8.56 3.59 7.90 9.92 10.19 10.61 14.07 13.97 10.17 14.55 16.96 14.90 15.60 18.36 20.27 16.54 20.05 22.76 23.08 21.20 25.09 26.84 30.00 35.15 34.55 33.48 31.88 29.93 28.80 25.52 24.12 23.06 21.20 17.07 18.99 17.05 14.54 14.52 14.49 11.46 9.80 11.29 10.71 6.66 5.17 9.59 8.29 7.02 6.94 4.91 2.83 3.45 3.38 1.33 0.00
