0.00 1.34 4.21 7.40 10.43 13.77 17.29 20.42 23.55 24.33 28.89 31.58 33.72 36.37 39.02 37.28 41.89 45.38 46.21 48.50 51.82 52.69 57.12 60.22 61.73 64.10 64.36 64.42 63.77 64.84 65.01 63.97 60.84 58.21 57.65 58.29 55.41 56.06 54.06 55.82 54.38 50.97 52.16 53.15 50.47 46.64 50.51 50.62 47.21 46.22 49.14 47.86 40.99 46.31 48.34 45.31 41.44 45.91 47.17 43.40 44.12 46.48 46.25 37.41 44.57 47.33 45.50 40.06 46.43 48.27 43.95 45.60 48.73 45.98 41.10 48.56 51.28 48.47 45.82 51.49 53.54 46.41 52.14 54.95 55.33 51.75 54.81 56.37 49.94 52.22 56.08 57.60 52.38 54.29 59.07 56.93 57.96 62.17 63.46 59.57 63.96 67.23 65.57 63.51 69.16 71.36 66.33 69.59 73.87 77.25 75.25 81.30 83.01 85.76 84.43 79.70 81.81 81.42 76.67 77.15 78.32 76.46 72.95 74.16 74.78 71.72 68.23 71.32 70.81 65.69 65.78 69.39 66.71 63.78 65.28 65.58 61.02 60.07 60.40 60.26 61.89 56.79 62.31 62.52 64.51 63.80 60.15 57.48 53.00 52.08 49.03 48.53 52.54 51.91 49.88 51.95 53.93 55.38 55.00 59.60 60.68 64.53 67.31 68.16 64.17 61.87 59.35 57.41 59.54 58.93 61.90 61.09 61.45 60.00 56.72 58.92 57.90 55.70 56.39 55.31 55.71 53.80 47.23 50.96 52.03 53.48 52.34 55.47 54.69 56.50 58.91 56.40 59.25 57.86 60.97 63.44 61.95
1.34 0.00 1.34 4.23 7.22 10.60 14.09 17.21 20.18 20.21 25.11 27.74 29.74 32.28 34.88 33.03 37.74 41.28 42.18 44.59 47.98 49.27 53.45 56.64 58.24 60.84 61.23 61.42 61.11 62.09 62.43 61.52 58.41 55.91 55.52 56.38 53.35 54.27 52.36 53.97 52.41 49.21 50.26 51.09 48.33 44.70 48.52 48.36 44.95 44.25 47.03 45.47 38.76 44.14 46.02 42.75 39.32 43.73 44.79 40.84 41.96 44.31 43.88 35.24 42.64 45.18 43.09 37.98 44.39 46.08 41.60 43.91 46.78 43.51 39.32 46.67 49.34 46.17 44.01 49.67 51.61 44.29 50.33 53.17 53.29 49.72 53.14 54.80 48.21 51.19 54.72 56.08 50.80 53.24 57.72 55.25 56.67 60.85 61.82 58.04 62.71 65.81 63.82 62.19 67.74 69.84 64.61 68.22 72.42 75.80 73.48 79.69 81.50 84.26 83.09 78.38 80.24 79.94 75.45 75.55 76.68 74.94 71.46 72.41 73.09 70.11 66.53 69.48 69.08 64.21 63.93 67.49 64.91 61.88 63.23 63.65 59.09 57.97 58.54 58.16 59.72 54.58 60.09 60.14 62.11 61.20 57.57 54.85 50.55 49.46 46.53 45.96 50.17 49.63 48.05 49.89 51.99 53.38 52.73 57.45 58.82 62.30 64.93 65.63 61.67 59.24 56.63 54.80 56.93 56.52 59.55 58.95 59.42 58.16 55.08 57.05 55.89 53.67 54.14 53.20 53.43 51.43 45.33 48.93 50.24 51.60 50.27 53.38 52.97 54.27 56.80 54.05 56.76 55.84 58.62 61.32 60.13
4.21 1.34 0.00 1.34 3.91 7.28 10.73 13.75 16.85 17.98 22.27 25.08 27.39 30.21 33.07 32.12 36.52 40.12 41.30 43.80 47.22 48.77 52.75 55.94 57.37 59.78 60.25 60.11 60.01 60.53 60.75 59.88 56.46 54.13 53.42 54.06 50.92 51.53 49.54 51.03 49.49 46.28 47.19 47.97 45.24 41.61 45.36 45.08 41.66 41.00 43.67 42.06 35.37 40.68 42.50 39.32 35.78 40.13 41.20 37.34 38.30 40.65 40.28 31.57 38.94 41.53 39.55 34.33 40.79 42.59 38.13 40.42 43.30 40.41 36.07 43.39 46.11 43.20 40.96 46.68 48.71 41.57 47.64 50.48 50.84 47.40 50.74 52.60 46.27 49.19 52.75 54.37 49.10 51.49 56.13 53.84 55.45 59.57 60.32 57.01 61.71 64.72 62.66 61.39 66.92 68.95 63.72 67.63 71.70 75.12 72.45 78.92 80.78 83.49 82.25 77.72 79.21 78.79 74.50 74.46 75.42 73.61 70.36 71.09 71.57 68.59 65.25 67.87 67.32 62.57 62.48 65.57 62.91 59.93 61.21 61.41 56.93 56.01 56.66 56.49 58.13 53.01 58.63 58.75 60.77 59.77 56.17 53.37 49.39 47.79 45.12 44.19 48.60 48.36 47.21 49.08 51.28 52.71 51.93 56.79 58.42 61.57 64.08 64.53 60.54 58.08 55.45 53.57 55.72 55.25 58.46 57.92 58.28 57.35 54.18 55.82 54.53 52.11 52.39 51.21 51.30 49.45 43.43 47.29 48.80 50.18 48.98 52.23 52.17 53.17 55.88 53.03 55.82 55.32 57.83 60.66 59.76
7.40 4.23 1.34 0.00 1.33 4.37 7.35 10.76 14.13 15.72 20.15 23.26 25.89 28.84 31.18 31.27 35.88 39.65 41.18 44.00 47.47 49.47 53.16 56.41 57.77 60.17 60.79 60.46 60.72 60.79 60.97 60.18 56.53 54.43 53.49 54.31 50.95 51.87 50.12 51.33 49.50 46.45 47.46 47.89 44.97 41.83 45.34 44.58 41.18 41.12 43.28 41.04 34.87 40.05 41.32 37.79 35.14 39.03 39.47 35.53 36.78 39.04 38.05 29.83 37.04 39.42 36.86 32.28 38.46 39.72 35.12 37.88 40.61 36.71 33.39 40.52 43.14 39.62 38.07 43.71 45.52 38.09 44.53 47.39 47.09 43.77 47.68 49.60 42.97 46.75 49.94 51.25 45.93 49.08 53.21 50.42 52.52 56.58 56.94 53.70 58.76 61.53 59.13 58.30 63.66 65.61 60.29 64.49 68.46 71.88 68.93 75.55 77.47 80.17 79.06 74.56 75.77 75.48 71.51 71.00 71.93 70.30 67.05 67.49 68.10 65.23 61.73 64.24 63.88 59.45 58.81 61.96 59.46 56.35 57.45 57.86 53.38 52.19 53.11 52.65 54.28 49.15 54.79 54.87 56.91 55.82 52.25 49.41 45.61 43.76 41.23 40.15 44.69 44.60 43.82 45.62 47.83 49.32 47.74 52.67 53.56 57.01 59.31 60.14 56.33 53.53 50.67 49.36 51.41 51.42 54.70 54.29 54.63 53.93 50.82 52.23 50.83 48.35 48.47 47.39 47.33 45.44 39.92 43.53 45.27 46.53 45.29 48.56 48.83 49.48 52.32 49.25 51.31 50.34 52.86 55.33 54.39
10.43 7.22 3.91 1.33 0.00 1.34 4.32 7.65 11.03 11.77 16.77 19.65 21.87 24.56 27.11 26.72 31.26 34.99 36.45 39.26 42.80 45.12 48.68 52.04 53.64 56.44 57.20 57.23 57.84 58.07 58.54 57.96 54.34 52.41 51.35 52.22 48.72 49.74 48.09 49.14 47.19 44.22 45.24 45.50 42.53 39.62 42.93 42.02 38.63 38.85 40.84 38.47 32.44 37.66 38.87 35.17 32.88 36.76 37.12 32.99 34.65 36.92 35.88 27.87 35.09 37.44 34.68 30.46 36.60 37.73 33.01 36.07 38.83 34.60 31.97 38.90 41.47 37.75 36.66 42.27 43.79 36.54 43.23 46.09 45.40 42.41 46.60 48.63 42.09 46.30 49.29 50.56 45.24 48.77 52.69 49.73 52.19 56.17 56.20 53.25 58.50 61.08 58.45 58.06 63.30 65.13 59.78 64.28 68.13 71.55 68.27 75.08 77.06 79.74 78.68 74.28 75.17 74.90 71.22 70.37 71.20 69.63 66.51 66.67 67.25 64.45 60.99 63.25 62.92 58.77 57.90 60.80 58.37 55.22 56.15 56.55 52.15 50.90 52.05 51.52 53.16 48.06 53.72 53.78 55.83 54.58 51.07 48.16 44.42 42.43 40.16 38.81 43.55 43.71 43.41 45.10 47.32 48.90 47.75 52.80 54.73 57.36 59.63 59.73 55.77 53.19 50.53 48.65 50.81 50.40 53.84 53.53 53.85 53.45 50.40 51.49 49.95 47.35 47.25 46.10 45.84 44.01 38.95 42.52 44.52 45.70 44.47 47.72 48.42 48.68 51.65 48.55 51.32 51.40 53.48 56.47 56.07
13.77 10.60 7.28 4.37 1.34 0.00 1.34 4.46 7.90 10.20 13.91 17.09 19.89 23.07 26.36 27.21 31.02 34.73 36.54 39.38 42.87 45.38 48.67 51.96 53.10 54.95 55.57 54.70 55.01 54.51 54.43 53.52 49.66 47.71 46.34 47.04 43.44 44.27 42.49 43.51 41.67 38.64 39.53 39.82 36.97 33.91 36.96 36.17 32.78 32.87 34.71 32.51 26.37 31.47 32.73 29.32 26.53 30.44 31.04 27.11 28.38 30.69 30.01 21.65 29.04 31.55 29.31 24.56 31.12 32.88 28.20 31.22 34.04 31.07 27.82 34.70 37.40 34.41 32.97 38.68 40.65 33.73 40.28 43.10 42.96 40.39 44.15 46.36 40.68 44.41 47.53 49.23 44.20 47.27 51.62 49.22 51.79 55.64 55.43 53.31 58.40 60.91 58.51 58.37 63.59 65.16 60.44 65.07 68.78 72.25 68.72 75.78 77.77 80.09 78.77 74.77 75.14 74.55 71.12 70.23 70.76 69.01 66.13 66.19 66.39 63.57 60.63 62.32 61.65 57.61 57.31 59.32 56.70 53.72 54.58 54.51 50.28 49.52 50.72 50.97 53.00 48.10 53.98 54.16 56.23 54.84 51.40 48.42 44.78 42.58 40.65 38.92 43.81 44.28 44.28 46.08 48.27 49.97 48.75 53.88 55.96 58.17 60.39 60.27 56.33 53.69 51.00 49.15 51.31 50.91 54.51 54.25 54.40 54.28 51.01 51.70 50.12 46.93 46.81 44.74 44.34 43.19 37.74 41.96 44.09 45.40 44.93 48.16 49.17 49.37 52.48 49.34 52.09 52.42 54.32 57.39 57.25
17.29 14.09 10.73 7.35 4.32 1.34 0.00 1.33 4.66 7.95 11.33 14.78 17.95 21.33 23.98 25.93 29.92 33.74 35.85 39.01 42.52 45.49 48.38 51.69 52.84 55.19 56.16 55.42 56.63 55.68 55.85 55.26 51.32 49.84 48.60 49.64 45.84 47.18 45.86 46.48 44.22 41.52 42.59 42.40 39.26 37.08 39.84 38.45 35.18 35.88 37.25 34.51 29.30 34.26 34.75 30.70 29.72 32.95 32.55 28.32 30.43 32.69 31.02 24.03 30.74 32.87 29.64 26.45 32.34 33.07 28.14 31.88 34.68 29.69 28.83 35.09 37.53 33.38 33.43 38.85 39.57 32.99 40.16 42.98 41.35 39.23 44.02 46.27 40.06 44.90 47.66 48.62 43.64 47.95 51.36 48.07 51.34 55.08 54.32 52.12 57.45 59.88 56.76 57.37 62.29 63.45 58.50 63.65 67.18 70.58 66.57 73.80 75.89 78.48 77.52 73.42 73.53 73.28 70.20 68.68 69.26 67.85 64.79 64.55 65.04 62.43 59.12 60.75 60.48 56.99 55.66 57.92 55.64 52.43 52.97 53.33 49.14 47.81 49.48 48.84 50.52 45.54 51.23 51.20 53.29 51.79 48.41 45.40 41.87 39.52 37.92 35.90 41.03 41.81 42.63 43.94 46.30 48.06 45.91 51.10 52.40 54.70 56.88 57.10 53.37 50.36 47.41 46.21 48.25 48.14 51.87 51.84 52.03 52.36 49.42 49.76 47.93 45.03 44.40 43.07 42.33 40.72 36.77 40.24 42.50 43.78 42.68 45.83 47.35 46.93 50.12 46.84 48.85 48.86 50.58 53.37 53.11
20.42 17.21 13.75 10.76 7.65 4.46 1.33 0.00 1.35 4.33 7.73 11.00 14.07 17.45 20.94 23.07 26.31 29.98 32.16 35.13 38.59 41.61 44.45 47.76 48.87 51.28 52.30 51.60 52.97 51.99 52.24 51.75 47.85 46.45 45.37 46.56 42.78 44.37 43.16 43.51 41.12 38.58 39.59 39.13 35.97 34.19 36.52 34.89 31.71 32.52 33.65 30.77 26.04 30.78 31.10 26.86 26.48 29.55 28.99 24.58 27.11 29.46 27.73 21.30 27.79 29.92 26.58 23.94 29.80 30.57 25.52 29.72 32.55 27.62 27.67 33.43 35.81 31.71 32.32 37.62 38.07 32.03 39.33 42.09 40.15 38.68 43.59 46.00 40.21 44.94 47.70 48.54 43.97 48.16 51.70 48.61 51.94 55.64 54.69 52.92 58.19 60.57 57.44 58.29 63.17 64.10 59.54 64.77 68.19 71.62 67.31 74.80 76.92 79.28 78.30 74.38 74.14 73.81 70.83 69.26 69.62 68.24 65.25 64.84 65.17 62.66 59.59 60.74 60.40 57.25 55.89 57.56 55.31 52.14 52.45 52.64 48.65 47.43 49.31 48.92 50.71 45.90 51.63 51.27 53.84 52.27 48.94 45.95 42.63 39.94 38.84 36.26 41.55 42.80 43.95 45.25 47.79 49.67 48.05 53.28 55.85 56.88 59.06 58.35 54.50 51.81 49.17 47.29 49.39 48.95 52.87 52.91 52.82 53.63 50.45 50.51 48.54 45.36 44.46 42.77 41.73 40.46 37.00 40.59 42.83 44.34 43.56 46.62 48.52 48.01 51.38 48.07 50.85 51.82 53.31 56.57 57.15
23.55 20.18 16.85 14.13 11.03 7.90 4.66 1.35 0.00 1.34 4.20 7.55 10.88 14.36 17.99 20.43 23.78 27.45 29.86 32.96 36.43 39.56 42.39 45.71 46.47 49.22 50.40 49.60 51.30 50.06 50.37 50.02 46.07 44.97 43.87 45.22 41.30 43.23 42.41 42.82 40.20 37.82 39.26 38.70 35.38 33.98 36.64 34.79 31.74 33.07 34.21 31.16 26.71 31.55 32.05 27.45 27.74 31.05 30.53 25.69 29.07 31.60 29.90 24.28 30.48 32.61 29.17 27.04 32.67 33.13 28.08 32.45 35.23 29.68 30.48 36.02 38.29 33.82 34.89 40.06 40.01 34.19 41.61 44.35 41.89 40.53 45.77 48.14 42.17 47.16 49.99 50.40 45.95 50.79 53.78 50.19 53.88 57.53 56.26 54.47 59.82 62.15 58.65 59.92 64.59 65.30 60.51 66.07 69.39 72.75 68.28 75.68 77.87 80.43 79.66 75.69 75.36 75.19 72.22 70.53 70.96 69.73 66.65 66.17 66.65 64.21 60.94 62.17 62.02 58.88 57.26 59.15 57.05 53.80 54.00 54.40 50.42 48.95 50.83 50.16 51.75 46.91 52.46 51.78 54.12 52.32 49.06 45.93 42.77 40.40 39.27 36.99 42.33 43.41 44.96 45.74 48.29 50.07 47.99 53.27 55.43 56.52 58.68 58.16 54.44 51.51 48.69 47.22 49.21 49.28 53.06 53.39 53.47 54.41 51.77 51.66 49.62 46.67 45.62 44.34 43.21 41.69 38.80 42.02 44.25 45.72 44.53 47.56 49.55 48.48 51.63 48.24 50.63 51.41 52.76 55.92 56.33
24.33 20.21 17.98 15.72 11.77 10.20 7.95 4.33 1.34 0.00 1.34 4.97 8.19 11.42 14.85 15.79 19.65 23.46 25.49 28.62 32.20 35.29 38.33 41.78 43.31 46.20 47.36 47.41 49.12 48.51 49.09 48.88 45.16 43.95 43.27 44.79 40.89 43.20 42.59 43.10 40.39 38.08 39.77 39.23 35.85 34.57 37.51 35.56 32.63 34.05 35.31 32.17 27.96 32.83 33.29 28.53 29.32 32.64 32.01 27.04 30.82 33.39 31.26 26.43 32.48 34.33 30.80 29.46 34.93 35.33 30.27 35.08 37.83 32.14 34.06 39.02 41.16 36.61 38.38 43.32 42.76 37.60 45.11 47.77 44.75 44.01 49.48 51.94 46.21 51.26 54.12 54.16 50.11 55.19 57.96 54.21 58.14 61.74 60.13 58.61 63.96 66.22 62.47 64.17 68.66 69.07 64.37 70.20 73.38 76.69 71.92 79.41 81.67 84.22 83.59 79.55 79.08 78.98 76.09 74.28 74.61 73.51 70.43 69.77 70.24 67.93 64.71 65.65 65.57 62.52 60.89 62.47 60.51 57.25 57.21 57.60 53.81 52.28 54.29 53.61 55.14 50.41 55.83 54.63 57.11 55.04 51.93 48.68 45.89 43.58 42.77 40.38 45.81 47.07 48.90 49.49 52.13 53.87 51.41 56.70 58.65 59.48 61.55 61.00 57.39 54.36 51.50 50.23 51.97 52.54 56.30 56.92 56.96 58.22 55.76 55.51 53.35 50.38 49.04 47.79 46.38 44.96 42.83 45.72 48.06 49.65 48.39 51.31 53.42 52.05 55.11 51.64 53.70 54.55 55.75 58.89 59.39
28.89 25.11 22.27 20.15 16.77 13.91 11.33 7.73 4.20 1.34 0.00 1.34 4.63 8.03 11.78 14.58 18.14 21.67 24.43 27.65 31.04 34.27 37.05 40.41 40.92 44.24 45.56 45.01 46.90 45.89 46.46 46.43 42.61 41.86 41.13 42.84 38.84 41.55 41.18 41.55 38.68 36.57 38.38 37.66 34.24 33.37 36.15 34.07 31.23 32.73 34.11 30.95 27.06 31.76 32.31 27.49 28.54 31.93 31.39 26.30 30.41 33.04 30.69 26.60 32.33 34.29 30.78 29.61 35.10 35.56 30.59 35.52 38.26 32.82 34.92 39.70 41.77 37.43 39.29 44.19 43.63 38.67 46.16 48.79 45.76 45.24 50.67 53.18 47.66 52.65 55.51 55.51 51.63 56.70 59.48 55.81 59.77 63.36 61.65 60.32 65.64 67.87 64.12 65.93 70.38 70.71 66.15 72.02 75.15 78.46 73.60 81.16 83.42 85.89 85.26 81.21 80.69 80.55 77.70 75.88 76.15 75.03 71.99 71.28 71.69 69.40 66.28 67.06 66.93 63.92 62.40 63.76 61.78 58.56 58.45 58.75 55.04 53.59 55.65 55.01 56.68 52.01 57.44 56.16 58.79 56.69 53.62 50.36 47.66 45.25 44.58 42.03 47.49 48.88 50.75 51.37 54.06 55.83 53.37 58.66 60.66 61.36 63.39 62.77 59.18 56.15 53.32 52.04 53.69 54.30 58.11 58.74 58.70 60.04 57.52 57.19 55.01 51.94 50.54 49.13 47.64 46.36 44.32 47.24 49.62 51.27 50.13 53.03 55.21 53.88 56.99 53.52 55.59 56.52 57.66 60.83 61.40
31.58 27.74 25.08 23.26 19.65 17.09 14.78 11.00 7.55 4.97 1.34 0.00 1.34 4.71 8.29 11.19 14.85 18.23 21.09 24.27 27.53 30.74 33.36 36.64 36.87 40.17 41.56 40.87 42.80 41.75 42.34 42.40 38.61 38.02 37.40 39.24 35.22 38.27 38.33 38.56 35.50 33.68 35.79 34.86 31.40 31.17 33.80 31.58 28.80 30.58 32.11 29.03 25.90 30.27 30.85 25.96 27.75 31.12 30.20 25.42 30.16 32.85 29.33 27.57 32.46 33.84 30.30 30.65 35.29 34.90 30.55 35.87 38.42 32.58 36.52 40.19 41.18 37.44 40.43 44.80 43.34 39.52 46.99 49.44 45.53 45.97 51.74 54.34 49.17 54.34 57.21 56.53 53.45 58.97 61.26 57.37 61.73 65.18 62.85 62.14 67.39 69.45 65.32 67.96 72.03 71.76 67.59 73.90 76.70 79.93 74.52 82.25 84.62 86.91 86.52 82.36 81.58 81.50 78.84 76.83 76.88 75.96 72.97 71.96 72.31 70.26 67.31 67.51 67.48 64.65 62.83 63.96 62.22 59.03 58.51 58.81 55.45 53.93 56.13 55.23 57.22 52.85 58.04 56.03 58.74 56.37 53.58 50.19 48.13 45.82 45.61 42.98 48.48 50.18 52.31 52.83 55.68 57.42 54.41 59.66 61.51 61.49 63.29 62.60 59.09 55.95 53.21 52.31 53.48 54.86 58.63 59.70 59.56 61.38 58.94 58.51 56.18 53.03 51.18 49.75 47.83 46.79 45.92 48.20 50.89 52.75 51.69 54.36 56.75 54.97 57.94 54.23 56.02 57.17 57.92 61.02 61.86
33.72 29.74 27.39 25.89 21.87 19.89 17.95 14.07 10.88 8.19 4.63 1.34 0.00 1.34 4.85 7.66 11.24 14.72 17.60 20.90 24.27 27.57 30.37 33.78 34.38 37.69 39.01 38.63 40.52 39.81 40.57 40.61 37.12 36.41 36.18 38.16 34.24 37.64 37.85 38.31 35.25 32.81 35.59 35.04 31.59 31.29 34.04 32.26 29.19 31.17 33.10 30.27 26.96 31.45 32.40 27.59 29.10 32.83 32.29 27.40 32.24 35.00 32.14 30.02 35.19 37.15 33.86 33.36 38.67 38.88 34.48 39.69 42.35 37.31 40.13 44.33 45.74 42.17 44.49 49.16 48.32 44.05 51.48 54.01 50.68 50.79 56.26 58.85 53.73 58.68 61.53 61.29 57.85 62.98 65.68 62.02 66.13 69.67 67.68 66.71 71.99 74.15 70.25 72.42 76.73 76.78 72.44 78.50 81.49 84.77 79.64 87.32 89.61 91.97 91.44 87.33 86.68 86.54 83.79 81.89 82.01 80.96 77.98 77.11 77.44 75.26 72.30 72.71 72.57 69.66 68.01 69.17 67.28 64.11 63.76 63.95 60.47 59.09 61.25 60.55 62.46 57.96 63.29 61.61 64.39 62.16 59.25 55.93 53.56 51.11 50.77 48.03 53.53 55.13 57.12 57.74 60.51 62.28 59.59 64.87 66.75 67.14 69.05 68.39 64.89 61.82 58.96 57.87 59.26 60.24 64.07 64.89 64.74 66.33 63.78 63.41 61.13 57.96 56.34 54.78 53.03 52.00 50.46 53.17 55.69 57.47 56.44 59.24 61.54 60.08 63.17 59.61 61.52 62.53 63.49 66.59 67.28
36.37 32.28 30.21 28.84 24.56 23.07 21.33 17.45 14.36 11.42 8.03 4.71 1.34 0.00 1.34 4.67 8.28 11.48 14.60 17.91 21.17 24.50 27.25 30.64 31.06 34.79 36.43 36.32 38.29 37.74 38.91 39.12 35.95 35.62 35.71 37.93 34.07 38.03 38.69 39.01 35.79 33.32 36.49 35.96 32.56 32.89 35.33 33.46 30.46 32.75 34.65 31.66 29.39 33.43 34.21 29.44 31.66 35.11 33.77 29.61 34.72 37.36 33.90 32.93 37.64 39.46 36.10 36.17 41.15 41.02 36.88 42.22 44.79 39.55 43.07 46.87 47.84 44.48 47.24 51.70 50.46 46.62 54.05 56.51 52.77 53.23 58.87 61.49 56.37 61.46 64.32 63.80 60.60 65.97 68.43 64.60 68.88 72.36 70.15 69.32 74.59 76.69 72.60 75.07 79.23 79.07 74.77 81.00 83.89 87.13 81.80 89.49 91.84 94.21 93.81 89.65 88.91 88.84 86.16 84.16 84.24 83.30 80.31 79.32 79.67 77.60 74.64 74.88 74.83 71.99 70.20 71.31 69.55 66.37 65.86 66.10 62.76 61.29 63.48 62.61 64.56 60.16 65.34 63.30 66.07 63.71 60.93 57.54 55.45 53.10 52.88 50.21 55.71 57.39 59.47 60.01 62.83 64.56 61.60 66.86 68.52 68.73 70.53 69.92 66.40 63.25 60.49 59.63 60.81 62.17 65.95 66.97 66.83 68.59 66.13 65.76 63.45 60.34 58.53 57.09 55.19 54.16 53.16 55.52 58.17 59.99 58.85 61.57 63.90 62.22 65.21 61.51 63.28 64.28 64.99 67.93 68.69
39.02 34.88 33.07 31.18 27.11 26.36 23.98 20.94 17.99 14.85 11.78 8.29 4.85 1.34 0.00 1.34 4.66 7.74 10.93 14.25 17.41 20.75 23.45 26.84 27.26 31.11 32.94 33.31 35.26 34.99 36.70 36.92 34.34 34.08 34.69 36.90 33.49 37.96 38.74 39.43 36.18 33.18 36.99 36.90 33.48 34.14 36.50 34.93 31.85 34.33 36.38 33.36 31.18 35.25 36.14 31.41 33.51 37.09 35.78 31.67 36.82 39.53 36.14 35.58 40.25 42.12 39.06 39.06 44.14 44.14 40.20 45.53 48.09 43.29 46.63 50.40 51.30 48.26 50.91 55.39 54.29 50.52 57.89 60.34 56.73 57.27 62.80 65.44 60.45 65.47 68.32 67.88 64.62 69.94 72.46 68.38 72.72 76.19 73.98 72.90 78.22 80.33 76.08 78.57 82.68 82.52 77.95 84.23 87.14 90.32 85.02 92.56 94.96 97.51 97.27 93.10 92.36 92.46 89.75 87.67 87.84 87.04 83.97 82.93 83.45 81.43 78.27 78.66 78.77 75.92 74.04 75.27 73.63 70.39 69.84 70.12 66.81 65.23 67.44 66.26 68.01 63.58 68.57 66.28 68.76 66.19 63.50 60.01 58.09 56.11 55.68 53.49 58.94 60.39 62.47 62.84 65.57 67.14 63.85 69.08 70.30 70.67 72.44 72.06 68.48 65.25 62.49 61.98 63.11 64.91 68.47 69.76 69.82 71.57 69.36 69.15 66.88 64.01 62.12 61.07 59.15 57.89 57.17 59.14 61.93 63.67 62.17 64.85 67.05 65.04 67.77 63.86 65.37 66.16 66.71 69.53 70.23
37.28 33.03 32.12 31.27 26.72 27.21 25.93 23.07 20.43 15.79 14.58 11.19 7.66 4.67 1.34 0.00 1.36 4.74 7.73 11.22 14.58 17.96 20.90 24.41 25.36 29.24 31.20 32.19 34.08 34.24 36.42 36.52 34.56 34.12 34.97 37.11 33.82 38.30 38.95 39.90 36.73 33.35 37.38 37.54 34.12 34.53 37.07 35.74 32.54 35.06 37.33 34.47 32.39 36.51 37.75 33.17 34.85 38.82 37.80 33.71 38.90 41.65 38.47 37.83 42.62 44.56 41.74 41.51 46.75 46.93 43.04 48.32 50.90 46.40 49.42 53.30 54.30 51.37 53.83 58.38 57.47 53.61 60.95 63.41 59.98 60.46 65.88 68.53 63.58 68.53 71.37 71.05 67.81 72.87 75.62 71.98 76.13 79.65 77.56 76.70 81.98 84.11 80.14 82.43 86.70 86.64 82.32 88.46 91.41 94.68 89.43 97.12 99.45 101.81 101.35 97.21 96.50 96.37 93.67 91.72 91.79 90.79 87.82 86.87 87.16 85.05 82.15 82.39 82.25 79.41 77.68 78.72 76.88 73.75 73.27 73.38 70.05 68.72 70.90 70.18 72.19 67.76 73.00 71.03 73.79 71.42 68.63 65.23 63.11 60.78 60.48 57.83 63.33 64.95 66.98 67.53 70.29 71.99 69.06 74.33 75.78 76.28 78.11 77.56 74.02 70.87 68.07 67.26 68.48 69.84 73.59 74.59 74.48 76.15 73.68 73.32 71.01 67.84 66.10 64.50 62.62 61.71 60.39 63.02 65.61 67.42 66.36 69.13 71.43 69.81 72.79 69.08 70.81 71.71 72.51 75.25 75.75
41.89 37.74 36.52 35.88 31.26 31.02 29.92 26.31 23.78 19.65 18.14 14.85 11.24 8.28 4.66 1.36 0.00 1.36 4.76 8.18 11.37 14.78 17.68 21.19 22.33 26.15 28.28 29.42 31.43 31.61 34.09 34.28 32.60 32.40 33.71 35.89 33.18 37.99 39.06 40.22 37.11 33.43 38.02 38.35 34.76 36.04 38.39 37.21 34.13 36.90 39.25 36.31 35.16 38.98 40.30 35.93 37.59 41.78 40.14 36.92 42.15 44.91 41.56 41.29 46.05 48.00 45.28 45.05 50.30 50.50 46.69 51.96 54.53 50.10 53.10 56.99 57.94 55.08 57.54 62.09 61.17 57.34 64.68 67.13 63.68 64.18 69.61 72.25 67.29 72.23 75.07 74.77 71.49 76.55 79.31 75.64 79.78 83.32 81.24 80.32 85.61 87.75 83.76 86.03 90.30 90.26 85.87 92.00 94.98 98.23 93.00 100.62 103.00 105.41 104.97 100.83 100.12 100.03 97.32 95.36 95.44 94.46 91.48 90.53 90.84 88.74 85.81 86.06 85.94 83.10 81.36 82.41 80.59 77.46 76.96 77.08 73.76 72.41 74.60 73.83 75.80 71.37 76.57 74.41 76.91 74.30 71.64 68.13 66.21 64.20 63.76 61.40 66.89 68.40 70.43 70.84 73.54 75.09 71.77 77.00 78.00 78.58 80.28 80.08 76.49 73.24 70.46 70.04 71.18 73.04 76.56 77.86 77.91 79.60 77.24 76.91 74.61 71.49 69.74 68.19 66.31 65.36 64.08 66.68 69.27 71.07 69.93 72.70 74.97 73.11 75.82 71.87 73.32 73.96 74.47 77.19 77.81
45.38 41.28 40.12 39.65 34.99 34.73 33.74 29.98 27.45 23.46 21.67 18.23 14.72 11.48 7.74 4.74 1.36 0.00 1.34 4.29 7.13 10.53 13.38 16.88 18.24 21.97 24.18 25.50 27.72 28.34 31.22 31.50 30.64 30.40 32.04 34.43 32.37 37.22 38.61 40.12 37.27 33.02 38.20 38.95 35.28 36.77 39.31 38.27 35.30 38.12 40.53 37.72 36.60 40.43 41.90 37.62 39.09 43.42 41.89 38.70 44.03 46.75 43.44 43.74 48.19 50.07 47.52 47.52 52.62 52.73 49.18 54.48 56.99 52.78 56.00 59.63 60.33 57.81 60.40 64.84 63.84 60.29 67.56 69.96 66.43 67.18 72.58 75.26 70.43 75.39 78.23 77.83 74.75 79.81 82.55 78.92 83.11 86.62 84.43 83.70 88.96 91.06 87.04 89.45 93.67 93.49 89.25 95.45 98.36 101.60 96.25 103.96 106.31 108.65 108.24 104.08 103.31 103.19 100.53 98.55 98.56 97.60 94.65 93.64 93.90 91.84 89.00 89.08 88.94 86.15 84.37 85.32 83.52 80.43 79.84 79.90 76.69 75.39 77.58 76.85 78.94 74.59 79.76 77.59 80.38 77.92 75.23 71.80 69.83 67.55 67.31 64.69 70.19 71.85 73.92 74.44 77.21 78.89 75.82 81.08 82.47 82.80 84.57 84.05 80.50 77.27 74.57 73.91 75.01 76.58 80.30 81.42 81.29 83.06 80.60 80.22 77.90 74.72 72.89 71.24 69.27 68.45 67.33 69.87 72.51 74.36 73.32 76.04 78.37 76.67 79.59 75.80 77.44 78.31 78.93 81.77 82.46
46.21 42.18 41.30 41.18 36.45 36.54 35.85 32.16 29.86 25.49 24.43 21.09 17.60 14.60 10.93 7.73 4.76 1.34 0.00 1.34 4.33 7.69 10.71 14.27 16.33 19.91 22.31 23.99 26.43 27.49 30.40 30.90 30.68 30.26 32.21 34.64 33.02 37.85 39.24 41.10 38.33 33.76 39.09 40.03 36.39 37.76 40.27 39.57 36.51 39.37 41.89 39.36 38.16 42.08 43.85 39.74 40.56 45.40 44.25 40.99 46.27 49.02 45.98 46.02 50.62 52.58 50.23 49.96 55.22 55.54 51.99 57.21 59.74 55.81 58.66 62.44 63.29 60.82 63.18 67.71 66.94 63.23 70.47 72.90 69.59 70.22 75.51 78.18 73.38 78.26 81.08 80.85 77.64 82.53 85.44 81.90 86.00 89.54 87.47 86.65 91.92 94.06 90.13 92.37 96.67 96.62 92.31 98.42 101.40 104.66 99.42 107.11 109.44 111.80 111.32 107.19 106.47 106.32 103.63 101.69 101.73 100.71 97.77 96.81 97.06 94.95 92.11 92.27 92.08 89.27 87.54 88.50 86.65 83.56 83.04 83.05 79.79 78.55 80.73 80.08 82.15 77.75 82.98 80.92 83.68 81.24 78.50 75.07 73.02 70.75 70.42 67.82 73.32 74.92 76.94 77.46 80.19 81.85 78.85 84.11 85.43 85.96 87.76 87.31 83.75 80.55 77.77 77.09 78.27 79.77 83.48 84.54 84.45 86.13 83.67 83.31 81.00 77.80 76.06 74.35 72.44 71.63 70.24 72.97 75.55 77.38 76.35 79.12 81.41 79.76 82.68 78.91 80.56 81.34 82.04 84.84 85.48
48.50 44.59 43.80 44.00 39.26 39.38 39.01 35.13 32.96 28.62 27.65 24.27 20.90 17.91 14.25 11.22 8.18 4.29 1.34 0.00 1.34 4.33 7.56 10.98 13.53 16.89 18.82 20.89 23.30 25.08 27.73 28.42 29.12 28.34 30.74 33.15 32.24 36.93 38.29 40.37 37.82 33.00 38.67 39.89 36.23 37.75 40.38 39.62 36.96 39.90 42.48 40.13 39.18 43.05 44.97 41.16 41.60 46.74 45.64 42.68 47.94 50.67 47.76 48.06 52.55 54.52 52.40 52.09 57.35 57.76 54.38 59.55 62.05 58.49 61.19 64.91 65.72 63.51 65.77 70.28 69.66 66.01 73.17 75.57 72.41 73.11 78.27 80.97 76.31 81.12 83.92 83.76 80.62 85.36 88.40 84.98 89.04 92.58 90.52 89.79 95.04 97.17 93.31 95.52 99.85 99.80 95.59 101.66 104.64 107.93 102.68 110.41 112.72 115.00 114.49 110.37 109.64 109.43 106.75 104.84 104.84 103.78 100.87 99.92 100.10 97.98 95.23 95.31 95.05 92.26 90.56 91.45 89.56 86.51 85.99 85.90 82.69 81.55 83.72 83.18 85.34 80.96 86.24 84.22 87.06 84.66 81.92 78.51 76.43 74.08 73.81 71.10 76.60 78.26 80.27 80.83 83.57 85.26 82.33 87.59 88.98 89.49 91.30 90.80 87.25 84.06 81.29 80.56 81.74 83.17 86.91 87.92 87.79 89.46 86.93 86.51 84.21 80.93 79.21 77.36 75.43 74.73 73.23 76.08 78.65 80.50 79.60 82.38 84.70 83.14 86.11 82.38 84.07 84.88 85.61 88.42 89.06
51.82 47.98 47.22 47.47 42.80 42.87 42.52 38.59 36.43 32.20 31.04 27.53 24.27 21.17 17.41 14.58 11.37 7.13 4.33 1.34 0.00 1.33 4.03 7.51 9.58 12.97 15.33 17.24 19.85 21.37 24.49 25.48 26.40 26.23 28.36 31.08 30.46 35.16 36.92 39.04 36.55 32.01 38.01 39.45 35.81 37.70 40.49 39.23 37.60 40.67 43.24 41.02 40.82 44.45 45.80 42.80 43.40 48.60 47.16 44.77 50.04 52.73 49.76 50.60 54.83 56.75 54.79 54.64 59.77 60.13 56.97 62.12 64.57 61.23 64.03 67.57 68.20 66.27 68.59 73.02 72.37 68.92 76.01 78.37 75.20 76.07 81.18 83.90 79.37 84.17 86.96 86.75 83.77 88.48 91.52 88.15 92.23 95.76 93.62 93.04 98.27 100.37 96.50 98.81 103.10 102.96 98.86 104.98 107.91 111.19 105.86 113.64 115.96 118.17 117.67 113.54 112.77 112.53 109.89 107.97 107.91 106.84 103.97 102.98 103.10 101.01 98.35 98.30 98.00 95.25 93.54 94.34 92.46 89.45 88.87 88.71 85.58 84.50 86.68 86.18 88.44 84.12 89.39 87.13 89.98 87.44 84.88 81.42 79.68 77.30 77.13 74.32 79.83 81.57 83.61 84.19 86.97 88.68 85.73 91.00 92.26 92.43 94.07 93.59 90.04 86.72 84.17 83.67 84.59 86.43 90.12 91.23 91.03 92.77 90.20 89.74 87.41 84.08 82.31 80.36 78.38 77.79 76.37 79.21 81.80 83.70 82.88 85.63 88.01 86.46 89.46 85.67 87.21 88.09 88.49 91.31 92.05
52.69 49.27 48.77 49.47 45.12 45.38 45.49 41.61 39.56 35.29 34.27 30.74 27.57 24.50 20.75 17.96 14.78 10.53 7.69 4.33 1.33 0.00 1.33 4.59 7.58 10.87 12.33 14.59 16.91 19.32 21.72 22.72 24.26 23.71 26.45 28.94 29.09 33.49 35.03 37.41 35.57 30.46 36.92 39.00 35.58 37.33 40.13 39.55 37.92 40.70 43.58 42.01 41.12 45.12 46.96 44.25 43.59 49.71 49.28 46.76 51.73 54.42 52.08 52.54 56.92 58.97 57.37 56.84 62.22 62.73 59.68 64.78 67.21 64.14 66.80 70.31 70.92 69.17 71.40 75.82 75.28 71.87 78.90 81.24 78.18 79.09 84.11 86.84 82.40 87.15 89.93 89.77 86.82 91.41 94.55 91.28 95.32 98.85 96.72 96.19 101.41 103.51 99.69 101.96 106.28 106.16 102.11 108.20 111.14 114.43 109.11 116.91 119.22 121.37 120.85 116.73 115.96 115.67 113.04 111.15 111.06 109.96 107.11 106.13 106.21 104.11 101.51 101.41 101.07 98.33 96.64 97.39 95.48 92.50 91.92 91.70 88.60 87.59 89.76 89.32 91.65 87.35 92.64 90.59 93.55 91.17 88.46 85.07 83.05 80.60 80.44 77.58 83.09 84.85 86.89 87.49 90.27 91.99 89.09 94.36 95.80 96.21 97.98 97.42 93.89 90.67 87.97 87.22 88.34 89.76 93.56 94.54 94.32 96.05 93.44 92.94 90.62 87.25 85.50 83.45 81.47 80.95 79.44 82.37 84.94 86.85 86.11 88.88 91.26 89.77 92.80 89.09 90.80 91.67 92.36 95.20 95.87
57.12 53.45 52.75 53.16 48.68 48.67 48.38 44.45 42.39 38.33 37.05 33.36 30.37 27.25 23.45 20.90 17.68 13.38 10.71 7.56 4.03 1.33 0.00 1.33 3.69 7.16 9.79 12.15 15.10 17.22 20.55 22.15 23.80 24.43 26.68 29.58 29.95 34.36 36.40 38.71 36.10 32.17 38.38 40.08 36.56 38.70 41.57 40.02 39.28 42.39 44.92 42.93 43.27 46.69 47.63 45.33 45.91 51.28 49.65 48.24 53.39 55.93 53.12 54.76 58.63 60.45 58.91 58.85 63.82 64.24 61.43 66.49 68.85 66.06 68.79 72.10 72.54 71.09 73.36 77.68 77.16 73.95 80.88 83.17 80.15 81.22 86.16 88.91 84.64 89.36 92.12 91.94 89.16 93.69 96.85 93.66 97.72 101.23 99.02 98.68 103.85 105.87 102.12 104.49 108.77 108.55 104.67 110.80 113.67 116.97 111.56 119.43 121.73 123.77 123.25 119.13 118.31 117.97 115.39 113.49 113.33 112.22 109.42 108.41 108.41 106.33 103.85 103.59 103.20 100.51 98.81 99.46 97.55 94.62 93.99 93.67 90.66 89.74 91.91 91.52 93.96 89.78 95.08 92.98 96.06 93.72 91.04 87.67 85.70 83.15 83.12 80.11 85.61 87.49 89.56 90.21 93.02 94.79 91.92 97.19 98.74 98.99 100.73 100.09 96.57 93.34 90.72 89.92 90.97 92.37 96.23 97.19 96.88 98.68 96.00 95.42 93.04 89.63 87.84 85.66 83.63 83.24 81.78 84.73 87.32 89.29 88.67 91.41 93.86 92.43 95.52 91.85 93.59 94.56 95.22 98.11 98.83
60.22 56.64 55.94 56.41 52.04 51.96 51.69 47.76 45.71 41.78 40.41 36.64 33.78 30.64 26.84 24.41 21.19 16.88 14.27 10.98 7.51 4.59 1.33 0.00 1.34 4.40 7.51 10.24 13.40 15.88 19.35 21.37 23.35 24.37 26.84 29.82 30.72 34.92 37.11 39.49 36.67 33.30 39.52 41.30 37.86 40.13 43.02 41.26 41.01 44.12 46.61 44.69 45.35 48.62 49.29 47.35 48.02 53.36 51.56 50.49 55.63 58.12 55.30 57.21 60.88 62.70 61.30 61.30 66.17 66.61 63.98 68.99 71.30 68.78 71.50 74.67 75.00 73.80 76.06 80.31 79.84 76.77 83.61 85.86 82.91 84.10 88.94 91.71 87.58 92.26 95.00 94.81 92.16 96.61 99.81 96.72 100.76 104.26 102.01 101.80 106.94 108.86 105.22 107.63 111.90 111.63 107.86 114.00 116.84 120.14 114.68 122.61 124.89 126.85 126.32 122.20 121.35 120.97 118.41 116.53 116.31 115.18 112.42 111.39 111.33 109.26 106.88 106.51 106.06 103.41 101.71 102.29 100.37 97.48 96.82 96.42 93.48 92.64 94.80 94.47 96.98 92.89 98.21 96.10 99.26 96.95 94.28 90.93 88.99 86.36 86.41 83.30 88.80 90.75 92.83 93.52 96.36 98.15 95.32 100.59 102.20 102.37 104.07 103.39 99.89 96.65 94.07 93.25 94.26 95.63 99.53 100.46 100.09 101.93 99.19 98.56 96.15 92.69 90.90 88.60 86.54 86.25 84.80 87.79 90.38 92.38 91.87 94.60 97.09 95.72 98.85 95.20 96.97 98.00 98.65 101.57 102.31
61.73 58.24 57.37 57.77 53.64 53.10 52.84 48.87 46.47 43.31 40.92 36.87 34.38 31.06 27.26 25.36 22.33 18.24 16.33 13.53 9.58 7.58 3.69 1.34 0.00 1.33 4.00 6.26 9.34 11.85 15.21 17.26 19.34 20.49 23.07 26.05 27.32 31.34 33.58 36.02 33.16 30.14 36.36 38.15 34.94 37.28 40.16 38.39 38.53 41.60 44.06 42.36 43.22 46.37 46.92 45.38 45.90 51.34 49.06 48.71 53.89 56.27 53.05 56.19 59.17 60.63 59.46 60.09 64.45 64.56 62.39 67.39 69.55 67.20 70.54 73.10 72.91 72.22 74.85 78.78 78.03 75.56 82.23 84.35 81.17 82.83 87.67 90.48 86.62 91.36 94.08 93.60 91.44 96.02 99.00 95.94 100.13 103.54 100.96 101.21 106.27 107.83 104.33 107.16 111.23 110.62 107.23 113.56 116.18 119.45 113.69 121.76 124.05 125.78 125.33 121.18 120.18 119.75 117.34 115.40 115.01 113.93 111.26 110.09 109.91 107.97 105.60 105.04 104.57 102.05 100.25 100.63 98.80 96.01 95.15 94.65 91.96 91.20 93.36 92.99 95.73 91.96 97.18 94.85 98.24 95.98 93.43 90.13 88.42 85.62 86.00 82.60 88.08 90.32 92.41 93.26 96.23 98.11 95.26 100.49 102.38 102.01 103.45 102.69 99.25 95.95 93.62 92.74 93.52 94.97 98.96 99.93 99.35 101.43 98.58 97.83 95.26 91.77 89.80 87.34 85.11 85.07 84.00 86.84 89.53 91.65 91.35 93.96 96.60 95.26 98.42 94.88 96.69 98.01 98.50 101.57 102.48
64.10 60.84 59.78 60.17 56.44 54.95 55.19 51.28 49.22 46.20 44.24 40.17 37.69 34.79 31.11 29.24 26.15 21.97 19.91 16.89 12.97 10.87 7.16 4.40 1.33 0.00 1.34 3.31 6.53 9.12 12.60 14.96 17.24 18.75 21.46 24.48 26.21 29.96 32.31 34.82 31.74 29.40 35.49 37.23 34.23 36.68 39.55 37.57 38.25 41.28 43.66 42.08 43.31 46.24 46.50 45.39 46.00 51.35 49.61 49.26 54.11 56.44 53.91 56.80 59.72 61.37 60.67 60.84 65.00 65.86 63.89 68.61 70.72 69.31 71.83 74.48 74.53 74.24 76.32 80.11 80.16 77.54 83.95 86.05 83.53 85.06 89.45 92.26 88.74 93.20 95.84 95.71 93.55 97.59 100.99 98.35 102.29 105.73 103.35 103.71 108.69 110.20 107.10 109.63 113.85 113.41 110.21 116.31 119.00 122.33 116.75 124.88 127.08 128.61 127.96 123.90 122.96 122.32 119.90 118.11 117.67 116.40 113.83 112.79 112.43 110.38 108.18 107.64 106.94 104.42 102.82 103.07 101.06 98.38 97.66 96.91 94.22 93.75 95.86 95.86 98.63 94.97 100.40 98.45 102.03 99.96 97.29 94.09 92.13 89.08 89.39 85.81 91.26 93.57 95.60 96.57 99.52 101.50 99.02 104.27 106.37 106.20 107.76 106.85 103.44 100.25 97.83 96.66 97.60 98.58 102.70 103.37 102.68 104.62 101.57 100.64 98.11 94.47 92.64 89.84 87.73 87.92 86.30 89.56 92.11 94.24 94.29 96.97 99.64 98.67 102.04 98.65 100.71 102.04 102.74 105.81 106.65
64.36 61.23 60.25 60.79 57.20 55.57 56.16 52.30 50.40 47.36 45.56 41.56 39.01 36.43 32.94 31.20 28.28 24.18 22.31 18.82 15.33 12.33 9.79 7.51 4.00 1.34 0.00 1.33 4.06 7.34 10.48 13.13 15.78 17.54 20.45 23.34 25.66 29.06 31.27 33.98 31.00 28.97 35.05 36.83 34.19 36.63 39.47 37.62 38.58 41.46 43.88 42.59 43.67 46.69 46.95 46.16 46.30 51.95 50.51 50.15 54.87 57.19 54.96 57.55 60.56 62.30 61.74 61.66 65.84 66.97 65.00 69.61 71.74 70.60 72.76 75.53 75.73 75.49 77.34 81.12 81.47 78.71 85.07 87.18 84.89 86.31 90.56 93.36 89.91 94.26 96.88 96.91 94.67 98.52 102.08 99.56 103.41 106.86 104.60 104.93 109.89 111.43 108.44 110.81 115.10 114.77 111.58 117.58 120.32 123.67 118.18 126.31 128.48 129.98 129.26 125.23 124.34 123.64 121.19 119.47 119.04 117.70 115.15 114.17 113.77 111.67 109.51 109.02 108.25 105.71 104.19 104.43 102.35 99.69 99.05 98.24 95.50 95.12 97.20 97.33 100.07 96.41 101.90 100.11 103.70 101.67 98.96 95.76 93.72 90.63 90.86 87.27 92.72 95.00 97.01 97.99 100.91 102.91 100.50 105.76 107.92 107.80 109.42 108.51 105.10 101.93 99.44 98.26 99.27 100.15 104.29 104.87 104.18 106.03 102.94 101.98 99.49 95.81 94.05 91.17 89.13 89.35 87.47 90.92 93.36 95.51 95.64 98.36 101.01 100.15 103.58 100.18 102.27 103.59 104.37 107.53 108.36
64.42 61.42 60.11 60.46 57.23 54.70 55.42 51.60 49.60 47.41 45.01 40.87 38.63 36.32 33.31 32.19 29.42 25.50 23.99 20.89 17.24 14.59 12.15 10.24 6.26 3.31 1.33 0.00 1.34 3.64 6.92 9.33 11.70 13.54 16.35 19.35 21.66 25.01 27.43 30.01 26.80 25.26 31.13 32.81 30.22 32.75 35.56 33.53 34.83 37.76 40.03 38.78 40.35 43.00 43.03 42.54 43.01 48.35 46.82 46.89 51.47 53.66 51.46 54.70 57.24 58.81 58.56 58.69 62.27 63.68 62.04 66.53 68.54 67.85 70.06 72.48 72.48 72.67 74.52 77.90 78.54 76.08 82.21 84.22 82.07 83.70 87.76 90.57 87.42 91.69 94.26 94.25 92.31 96.03 99.60 97.27 101.10 104.50 102.12 102.77 107.64 108.93 106.20 108.70 112.91 112.44 109.57 115.58 118.20 121.56 115.97 124.19 126.26 127.59 126.85 122.84 121.89 121.08 118.72 117.02 116.47 115.09 112.64 111.63 111.10 109.03 106.95 106.36 105.49 103.04 101.53 101.62 99.53 96.97 96.28 95.31 92.72 92.50 94.56 94.82 97.69 94.28 99.79 98.04 101.84 99.97 97.27 94.18 92.14 88.84 89.24 85.41 90.81 93.29 95.27 96.41 99.40 101.48 99.28 104.51 107.07 106.64 108.16 107.06 103.70 100.64 98.26 96.84 97.80 98.44 102.69 103.15 102.28 104.22 100.98 99.87 97.31 93.56 91.71 88.66 86.57 87.04 85.18 88.68 90.98 93.33 93.73 96.40 99.15 98.48 102.01 98.70 101.06 102.64 103.40 106.66 107.74
63.77 61.11 60.01 60.72 57.84 55.01 56.63 52.97 51.30 49.12 46.90 42.80 40.52 38.29 35.26 34.08 31.43 27.72 26.43 23.30 19.85 16.91 15.10 13.40 9.34 6.53 4.06 1.34 0.00 1.34 4.40 7.43 10.19 12.31 15.43 16.79 20.31 23.58 25.11 28.27 25.91 23.92 30.04 32.08 30.19 32.48 35.16 33.41 35.20 37.04 40.20 39.19 40.55 43.44 43.28 43.24 43.00 48.92 47.47 47.85 52.25 54.34 52.33 55.60 58.09 59.59 59.62 59.66 62.95 64.67 63.24 67.58 69.52 69.23 71.16 73.57 73.51 73.98 75.65 78.85 79.80 77.38 83.40 85.38 83.41 85.06 88.95 91.76 88.73 92.89 95.43 95.53 93.61 97.07 100.84 98.65 102.39 105.79 103.48 104.17 109.01 110.27 107.68 110.08 114.33 113.92 111.12 117.05 119.68 123.06 117.53 125.76 127.76 129.06 128.26 124.27 123.34 122.47 120.11 118.47 117.90 116.45 114.04 113.08 112.47 110.38 108.37 107.76 106.81 104.39 102.94 102.93 100.81 98.32 97.63 96.55 94.04 93.94 95.97 96.36 99.23 95.87 101.43 99.81 103.66 101.86 99.13 96.07 93.96 90.59 90.97 87.09 92.47 94.96 96.92 98.09 101.07 103.18 101.10 106.33 108.96 108.58 110.14 108.99 105.59 102.62 100.23 98.72 99.72 100.21 104.50 104.87 103.96 105.85 102.55 101.38 98.84 95.05 93.24 90.10 88.05 88.59 86.54 90.19 92.36 94.79 95.30 97.99 100.75 100.19 103.78 100.49 102.96 104.55 105.36 108.64 109.74
64.84 62.09 60.53 60.79 58.07 54.51 55.68 51.99 50.06 48.51 45.89 41.75 39.81 37.74 34.99 34.24 31.61 28.34 27.49 25.08 21.37 19.32 17.22 15.88 11.85 9.12 7.34 3.64 1.34 0.00 1.33 3.89 6.10 8.53 11.32 14.24 16.87 19.98 22.53 25.10 21.70 21.32 26.73 28.28 26.20 28.79 31.50 29.37 31.42 34.14 36.28 35.40 37.24 39.66 39.39 39.61 39.97 45.20 43.87 44.42 48.66 50.68 48.83 52.37 54.55 56.00 56.25 56.36 59.27 61.23 59.98 64.18 66.06 66.09 68.04 70.11 70.08 70.81 72.43 75.35 76.59 74.33 80.12 82.04 80.28 82.01 85.71 88.52 85.77 89.83 92.31 92.40 90.73 94.12 97.83 95.83 99.54 102.88 100.49 101.46 106.19 107.25 104.90 107.38 111.57 111.05 108.53 114.45 116.98 120.35 114.77 123.06 124.92 126.13 125.29 121.34 120.36 119.39 117.10 115.50 114.83 113.34 111.02 110.04 109.33 107.25 105.32 104.66 103.61 101.24 99.84 99.75 97.58 95.17 94.49 93.31 90.85 90.88 92.88 93.40 96.37 93.23 98.80 97.26 101.28 99.61 96.82 93.93 91.83 88.28 88.79 84.72 90.03 92.61 94.61 95.92 98.95 101.13 99.22 104.41 107.11 106.71 108.18 106.89 103.51 100.66 98.36 96.69 97.65 97.95 102.32 102.57 101.50 103.45 100.02 98.73 96.13 92.29 90.42 87.13 85.07 85.81 83.75 87.46 89.48 92.09 92.85 95.49 98.32 97.94 101.61 98.41 101.08 102.85 103.63 106.97 108.26
65.01 62.43 60.75 60.97 58.54 54.43 55.85 52.24 50.37 49.09 46.46 42.34 40.57 38.91 36.70 36.42 34.09 31.22 30.40 27.73 24.49 21.72 20.55 19.35 15.21 12.60 10.48 6.92 4.40 1.33 0.00 1.33 3.37 6.30 8.89 11.65 14.42 17.35 19.97 22.51 19.02 19.41 24.45 25.83 24.18 26.77 29.39 27.24 29.71 32.22 34.33 33.68 35.58 37.93 37.51 38.14 38.41 43.55 42.37 43.17 47.20 49.11 47.48 51.01 53.12 54.52 55.03 55.12 57.66 59.93 58.89 62.92 64.73 65.08 66.93 68.74 68.71 69.80 71.28 73.95 75.52 73.37 78.96 80.83 79.29 81.06 84.56 87.36 84.83 88.77 91.20 91.35 89.82 93.02 96.81 94.99 98.62 101.93 99.55 100.68 105.33 106.27 104.13 106.59 110.76 110.23 107.90 113.75 116.24 119.61 114.04 122.37 124.11 125.24 124.36 120.44 119.46 118.40 116.14 114.59 113.87 112.32 110.08 109.12 108.31 106.23 104.37 103.68 102.54 100.21 98.87 98.69 96.48 94.14 93.48 92.18 89.79 89.96 91.93 92.59 95.61 92.61 98.21 96.79 100.93 99.36 96.49 93.75 91.62 87.93 88.50 84.30 89.56 92.16 94.19 95.60 98.63 100.87 99.12 104.28 107.04 106.68 108.13 106.73 103.34 100.62 98.36 96.55 97.51 97.62 102.05 102.18 101.02 102.96 99.44 98.04 95.44 91.56 89.69 86.26 84.22 85.12 82.90 86.76 88.63 91.36 92.31 94.93 97.80 97.59 101.33 98.19 101.02 102.90 103.69 107.07 108.46
63.97 61.52 59.88 60.18 57.96 53.52 55.26 51.75 50.02 48.88 46.43 42.40 40.61 39.12 36.92 36.52 34.28 31.50 30.90 28.42 25.48 22.72 22.15 21.37 17.26 14.96 13.13 9.33 7.43 3.89 1.33 0.00 1.34 4.15 6.68 9.06 11.98 14.82 17.29 19.91 16.63 17.25 22.16 23.66 22.36 24.82 27.35 25.59 28.07 30.14 32.52 32.23 34.03 36.26 36.01 36.84 36.68 41.99 41.30 41.97 45.78 47.66 46.37 49.74 51.75 53.23 53.90 53.78 56.22 58.80 57.81 61.68 63.47 64.14 65.66 67.44 67.54 68.82 70.05 72.64 74.55 72.31 77.78 79.63 78.37 80.06 83.36 86.15 83.75 87.55 89.94 90.24 88.70 91.68 95.61 93.96 97.48 100.78 98.50 99.65 104.26 105.17 103.20 105.52 109.75 109.29 107.04 112.78 115.28 118.67 113.20 121.52 123.17 124.28 123.31 119.44 118.50 117.36 115.10 113.62 112.88 111.26 109.06 108.16 107.29 105.17 103.38 102.71 101.49 99.17 97.91 97.70 95.42 93.13 92.54 91.16 88.76 89.04 90.98 91.79 94.79 91.84 97.50 96.26 100.44 98.98 96.02 93.38 91.14 87.38 87.89 83.66 88.88 91.48 93.43 94.93 97.94 100.22 98.64 103.78 106.60 106.35 107.85 106.39 102.94 100.37 98.08 96.15 97.17 97.08 101.54 101.54 100.34 102.21 98.62 97.16 94.59 90.66 88.85 85.33 83.36 84.33 81.84 85.90 87.62 90.42 91.51 94.14 97.01 96.95 100.77 97.66 100.64 102.54 103.40 106.80 108.23
60.84 58.41 56.46 56.53 54.34 49.66 51.32 47.85 46.07 45.16 42.61 38.61 37.12 35.95 34.34 34.56 32.60 30.64 30.68 29.12 26.40 24.26 23.80 23.35 19.34 17.24 15.78 11.70 10.19 6.10 3.37 1.34 0.00 1.34 3.05 6.24 8.60 11.41 14.44 16.60 12.78 13.45 18.35 19.78 18.01 20.57 23.20 21.30 23.59 26.05 28.17 27.69 29.51 31.80 31.59 32.24 32.30 37.48 36.76 37.35 41.21 43.11 41.76 45.13 47.17 48.65 49.27 49.21 51.69 54.18 53.18 57.07 58.86 59.50 61.09 62.84 62.95 64.18 65.45 68.05 69.92 67.69 73.16 75.02 73.74 75.43 78.75 81.54 79.14 82.96 85.35 85.62 84.11 87.13 91.02 89.36 92.89 96.19 93.87 95.07 99.66 100.55 98.59 100.95 105.15 104.67 102.45 108.20 110.69 114.07 108.58 116.91 118.55 119.65 118.69 114.81 113.86 112.73 110.47 108.99 108.25 106.63 104.43 103.53 102.66 100.54 98.75 98.08 96.86 94.54 93.28 93.06 90.79 88.50 87.91 86.53 84.13 84.40 86.34 87.17 90.17 87.25 92.90 91.69 95.91 94.48 91.50 88.91 86.67 82.86 83.37 79.13 84.33 86.94 88.92 90.44 93.47 95.76 94.23 99.35 102.19 101.94 103.42 101.92 98.47 95.96 93.68 91.70 92.72 92.56 97.04 97.01 95.78 97.65 94.05 92.57 89.99 86.06 84.24 80.71 78.74 79.73 77.24 81.30 83.01 85.83 86.95 89.58 92.46 92.44 96.28 93.19 96.22 98.19 99.04 102.45 103.95
