0.00 1.34 3.37 3.55 2.97 5.06 6.87 7.67 9.19 7.92 10.86 11.97 14.37 14.41 16.43 13.27 11.02 13.80 14.68 11.31 12.06 14.60 13.99 8.81 14.49 17.28 15.67 12.74 18.26 20.17 23.24 21.56 19.41 23.79 23.22 19.33 16.96 14.52 15.04 14.66 11.44 9.41 12.20 10.93 7.70 8.71 10.51 8.87 5.99 9.12 11.45 9.15 6.61 11.96 14.18 15.86 15.60 12.34 11.19 13.35 12.31 3.76 8.80 11.81 11.61 13.46
1.34 0.00 1.33 3.44 3.68 3.22 5.34 5.58 7.90 7.95 10.15 9.30 11.06 11.05 12.87 9.89 7.37 10.10 11.39 8.23 8.78 11.40 11.34 7.03 12.05 14.96 14.16 11.96 16.73 18.67 21.81 19.79 18.46 23.10 23.31 19.44 16.99 14.98 14.65 13.75 10.97 9.86 10.74 8.53 5.75 6.78 7.88 5.08 3.73 6.30 6.91 3.62 3.60 8.00 9.60 11.68 10.85 7.42 7.63 9.67 8.83 3.40 7.83 10.40 10.21 10.88
3.37 1.33 0.00 1.33 3.36 3.15 2.93 3.04 3.79 3.74 5.45 5.42 7.43 7.53 10.27 8.55 4.31 9.43 10.57 6.97 8.76 11.60 9.22 6.27 12.57 15.14 13.04 11.79 17.34 19.96 22.73 19.29 18.72 23.81 24.29 20.38 18.88 15.92 15.81 16.30 13.67 10.19 13.02 12.12 8.82 8.95 10.87 8.93 5.69 8.08 10.34 7.35 3.53 8.17 8.07 8.27 9.44 7.46 2.92 6.39 8.28 3.87 2.65 7.89 9.70 11.52
3.55 3.44 1.33 0.00 1.34 3.25 2.99 4.20 6.18 6.29 9.08 9.07 12.06 13.44 14.18 10.91 9.10 12.18 12.07 8.52 10.07 12.60 10.26 5.49 12.26 14.74 11.68 9.74 16.15 18.98 21.53 18.15 16.90 21.91 21.96 17.78 16.54 13.43 13.93 14.72 11.90 7.01 11.98 12.21 9.05 8.08 11.09 10.86 7.34 10.01 12.56 11.07 6.31 12.07 14.63 16.22 16.90 13.90 10.28 14.47 14.94 7.26 10.18 14.61 14.83 16.93
2.97 3.68 3.36 1.34 0.00 1.33 3.30 5.82 8.54 9.33 11.93 11.00 12.97 13.46 13.60 10.24 9.06 11.17 10.42 7.28 7.82 9.97 9.37 2.99 9.03 11.65 9.63 7.05 12.86 15.49 18.19 15.54 13.97 18.69 18.02 14.14 11.89 9.34 9.93 9.80 6.61 5.34 7.54 6.33 3.21 4.08 6.17 5.81 3.71 6.61 8.95 9.03 7.16 11.28 13.86 16.61 17.10 14.01 12.48 15.98 15.72 8.21 12.26 16.45 16.59 17.54
5.06 3.22 3.15 3.25 1.33 0.00 1.34 3.33 6.91 9.00 10.54 7.25 7.58 7.46 8.15 5.42 3.49 5.30 6.56 3.51 3.48 5.97 5.71 2.79 7.21 9.87 8.88 8.64 12.54 14.80 17.70 14.99 14.78 19.71 21.02 17.43 15.91 13.00 12.34 12.86 10.70 8.02 8.62 9.52 7.03 4.23 6.73 8.08 4.96 5.37 8.07 8.39 4.44 6.91 9.61 11.83 13.93 12.12 8.66 12.98 14.98 9.46 11.21 16.04 17.12 18.29
6.87 5.34 2.93 2.99 3.30 1.34 0.00 1.34 4.55 7.61 9.64 7.28 10.16 11.72 10.69 7.14 7.99 9.92 8.54 5.28 7.45 10.06 5.35 3.78 10.46 12.86 10.02 9.29 15.07 18.06 20.57 16.57 16.25 21.53 22.28 18.26 17.37 14.19 13.99 15.02 12.71 8.49 11.98 12.60 9.67 7.55 10.64 11.40 7.76 9.75 12.58 12.86 7.66 12.24 14.99 16.98 18.80 16.29 11.01 16.81 18.14 11.25 13.37 18.24 19.02 20.65
7.67 5.58 3.04 4.20 5.82 3.33 1.34 0.00 1.34 3.84 6.13 3.91 6.65 8.19 7.53 3.98 4.23 6.63 6.43 3.29 6.16 8.86 4.89 6.12 11.33 13.38 11.74 11.80 16.85 19.76 22.22 17.52 18.58 23.98 24.97 20.96 20.16 16.99 16.67 17.67 15.40 11.16 14.24 14.46 11.46 9.81 12.10 11.64 8.24 9.13 11.58 10.46 5.28 9.45 11.87 13.13 14.99 13.17 7.00 13.05 15.18 9.75 9.96 15.19 16.43 18.28
9.19 7.90 3.79 6.18 8.54 6.91 4.55 1.34 0.00 1.33 3.15 2.95 5.97 8.57 10.01 5.36 5.85 9.85 10.10 7.76 10.67 13.38 7.81 9.75 15.55 17.69 15.02 15.42 20.78 23.77 26.26 21.21 22.17 27.61 28.61 24.55 23.68 20.53 20.28 21.15 18.75 14.43 17.62 17.78 14.64 13.44 15.53 14.30 11.12 12.25 14.31 11.97 7.19 11.41 12.83 13.26 15.10 13.45 5.16 12.38 14.52 9.65 8.52 13.67 15.38 17.49
7.92 7.95 3.74 6.29 9.33 9.00 7.61 3.84 1.33 0.00 1.34 3.27 6.34 8.34 10.71 7.73 6.24 11.36 13.29 10.55 12.93 15.77 11.80 12.20 18.01 20.38 18.27 17.94 23.27 25.89 28.67 24.52 24.81 30.05 30.69 26.73 25.25 22.30 22.19 22.55 19.89 16.24 18.95 18.48 15.25 14.55 16.29 14.50 11.54 13.12 14.27 11.09 7.25 11.22 11.25 11.03 12.90 11.41 2.96 9.67 11.76 7.83 5.80 10.64 12.32 14.78
10.86 10.15 5.45 9.08 11.93 10.54 9.64 6.13 3.15 1.34 0.00 1.34 3.58 6.70 8.81 4.80 6.81 10.80 12.12 11.14 13.39 15.88 11.92 14.25 19.18 21.24 19.89 20.11 24.86 27.41 30.11 25.56 26.78 32.06 32.96 29.11 27.64 24.72 24.37 24.69 22.19 18.85 20.80 20.39 17.22 16.18 17.89 16.33 13.18 13.97 16.15 13.15 9.13 12.55 12.86 12.35 14.44 13.65 4.24 11.89 13.97 10.26 7.91 12.57 14.57 16.89
11.97 9.30 5.42 9.07 11.00 7.25 7.28 3.91 2.95 3.27 1.34 0.00 1.33 4.02 6.19 3.25 4.07 7.59 8.73 7.43 9.72 12.23 8.47 11.20 15.50 17.52 16.35 17.05 21.20 23.82 26.44 21.89 23.22 28.55 30.05 26.41 25.32 22.36 21.47 22.09 20.10 17.16 17.89 18.12 15.23 13.39 15.32 14.63 11.25 10.98 13.59 10.80 7.60 9.70 10.12 9.68 11.88 11.80 2.83 10.27 12.95 10.90 7.86 13.37 15.63 17.36
14.37 11.06 7.43 12.06 12.97 7.58 10.16 6.65 5.97 6.34 3.58 1.33 0.00 1.34 3.18 2.92 3.05 5.10 6.71 7.72 9.08 10.82 9.24 12.58 14.87 16.84 17.13 18.09 20.92 23.12 25.76 21.68 23.45 28.55 30.26 27.06 26.18 23.46 21.97 22.42 20.95 18.08 17.79 18.18 15.77 13.24 14.55 14.37 11.00 8.80 12.81 10.90 6.98 8.63 9.84 9.23 11.75 12.53 4.12 11.43 14.25 12.62 10.06 15.56 17.80 19.20
14.41 11.05 7.53 13.44 13.46 7.46 11.72 8.19 8.57 8.34 6.70 4.02 1.34 0.00 1.34 3.38 3.51 3.03 5.03 7.03 7.82 7.88 9.80 12.52 12.80 15.09 16.66 17.35 18.95 21.03 23.70 20.33 22.14 26.93 28.69 25.86 24.91 22.74 20.80 20.52 19.43 16.87 15.61 15.48 13.73 11.04 10.94 10.85 8.05 5.32 7.80 6.54 2.87 2.82 4.15 4.73 7.15 8.28 3.89 7.83 10.57 10.49 8.34 13.10 15.14 15.94
16.43 12.87 10.27 14.18 13.60 8.15 10.69 7.53 10.01 10.71 8.81 6.19 3.18 1.34 0.00 1.34 3.44 3.52 2.88 5.09 7.03 6.62 7.31 10.85 12.34 13.47 14.56 16.27 17.93 20.30 22.55 18.04 20.71 25.72 27.81 25.25 24.98 22.30 20.32 21.20 20.42 17.26 16.25 17.86 16.02 12.47 14.40 15.35 12.30 7.76 13.27 11.89 7.83 8.08 9.81 9.65 12.33 13.71 6.69 12.99 15.93 14.91 12.62 17.92 20.07 21.17
13.27 9.89 8.55 10.91 10.24 5.42 7.14 3.98 5.36 7.73 4.80 3.25 2.92 3.38 1.34 0.00 1.34 3.38 3.30 2.90 4.97 6.88 4.67 8.61 10.72 12.32 12.22 13.69 16.51 19.16 21.52 16.81 18.84 24.10 26.02 23.01 22.50 19.62 18.04 19.04 17.86 14.73 14.70 15.86 13.64 10.23 12.82 13.62 10.66 7.80 12.30 11.91 8.33 9.23 11.17 11.87 14.42 14.60 7.44 14.44 17.05 13.96 12.52 17.96 20.05 21.42
11.02 7.37 4.31 9.10 9.06 3.49 7.99 4.23 5.85 6.24 6.81 4.07 3.05 3.51 3.44 1.34 0.00 1.33 3.30 3.20 2.95 5.02 6.67 7.68 8.63 10.83 11.96 12.27 14.69 16.85 19.54 16.14 17.35 22.31 24.01 20.98 20.36 17.75 15.92 16.52 15.50 12.41 11.91 12.95 10.75 7.68 9.27 9.24 5.99 4.40 7.69 6.93 3.82 4.53 6.78 8.10 10.12 9.36 3.18 8.99 11.54 8.87 7.75 12.79 14.61 15.93
13.80 10.10 9.43 12.18 11.17 5.30 9.92 6.63 9.85 11.36 10.80 7.59 5.10 3.03 3.52 3.38 1.33 0.00 1.34 3.37 3.47 3.07 5.09 7.00 7.47 9.01 11.00 12.27 13.14 15.42 17.80 14.31 16.33 21.09 23.10 20.73 20.64 18.20 15.87 16.72 16.40 13.22 11.37 13.88 12.61 8.37 10.64 11.85 8.94 3.70 9.78 10.02 6.56 5.95 8.10 9.46 12.24 12.82 8.05 13.55 16.04 13.54 13.22 18.04 19.66 20.58
14.68 11.39 10.57 12.07 10.42 6.56 8.54 6.43 10.10 13.29 12.12 8.73 6.71 5.03 2.88 3.30 3.30 1.34 0.00 1.33 3.40 3.43 2.98 5.06 6.98 7.85 8.69 10.81 12.44 15.30 17.23 12.15 14.84 20.03 22.28 19.91 20.05 17.28 15.23 16.75 16.35 13.07 11.82 14.83 13.38 8.66 11.75 13.77 11.20 6.41 11.87 12.72 9.42 9.17 11.37 13.02 15.76 15.77 10.45 16.38 18.89 16.10 15.83 20.75 22.36 23.39
11.31 8.23 6.97 8.52 7.28 3.51 5.28 3.29 7.76 10.55 11.14 7.43 7.72 7.03 5.09 2.90 3.20 3.37 1.33 0.00 1.33 3.34 3.29 2.93 4.93 6.83 7.01 7.89 10.59 13.56 15.82 11.55 12.81 18.09 20.02 17.14 16.97 14.12 12.31 13.76 13.08 9.80 9.71 11.88 10.34 5.64 9.05 11.32 9.08 6.92 10.90 12.45 8.41 10.30 12.65 14.57 17.16 16.02 10.73 16.52 18.76 13.90 14.53 19.64 20.92 22.28
12.06 8.78 8.76 10.07 7.82 3.48 7.45 6.16 10.67 12.93 13.39 9.72 9.08 7.82 7.03 4.97 2.95 3.47 3.40 1.33 0.00 1.33 3.39 3.19 2.84 4.94 6.77 7.40 8.60 9.95 13.24 10.75 11.48 16.27 17.98 15.64 15.19 13.27 10.82 10.66 10.72 8.00 5.14 7.41 7.29 3.63 4.02 6.23 6.31 3.34 6.33 8.94 7.99 7.50 9.94 12.77 15.21 12.57 11.68 15.67 17.65 14.05 15.20 19.65 20.66 20.65
14.60 11.40 11.60 12.60 9.97 5.97 10.06 8.86 13.38 15.77 15.88 12.23 10.82 7.88 6.62 6.88 5.02 3.07 3.43 3.34 1.33 0.00 1.34 3.31 3.42 3.00 5.08 7.05 7.83 10.56 12.25 8.20 10.62 15.39 17.79 16.10 16.83 14.50 11.86 13.61 14.13 10.91 7.90 12.10 11.23 6.34 9.00 11.22 10.13 4.31 10.40 12.71 10.93 8.89 10.66 12.85 15.51 14.51 13.85 17.83 19.96 16.92 17.92 22.55 23.65 23.98
13.99 11.34 9.22 10.26 9.37 5.71 5.35 4.89 7.81 11.80 11.92 8.47 9.24 9.80 7.31 4.67 6.67 5.09 2.98 3.29 3.39 1.34 0.00 1.33 3.46 3.41 3.14 5.30 7.14 10.64 12.19 6.61 8.91 14.28 16.71 14.36 15.46 12.76 10.66 12.70 13.19 10.19 8.59 12.02 11.88 7.12 10.49 13.20 12.20 9.16 13.24 15.39 11.70 12.93 15.36 17.62 20.09 18.96 12.80 19.38 21.78 16.92 17.14 22.38 23.83 25.39
8.81 7.03 6.27 5.49 2.99 2.79 3.78 6.12 9.75 12.20 14.25 11.20 12.58 12.52 10.85 8.61 7.68 7.00 5.06 2.93 3.19 3.31 1.33 0.00 1.34 3.29 3.15 2.88 4.73 8.11 10.22 7.44 6.82 12.03 14.00 11.53 12.09 9.42 7.20 9.29 8.65 5.69 5.42 8.66 7.09 2.99 7.46 9.78 7.64 8.83 11.79 13.18 9.24 12.47 15.23 17.77 19.81 17.49 14.18 18.58 19.96 13.41 15.95 20.68 21.31 22.58
14.49 12.05 12.57 12.26 9.03 7.21 10.46 11.33 15.55 18.01 19.18 15.50 14.87 12.80 12.34 10.72 8.63 7.47 6.98 4.93 2.84 3.42 3.46 1.34 0.00 1.34 3.32 3.53 2.94 5.76 7.55 6.49 6.32 10.55 12.82 11.50 12.72 10.97 7.89 9.55 10.64 7.74 3.91 7.97 8.66 4.51 5.20 8.53 9.64 6.84 9.57 12.25 12.24 11.46 13.67 16.91 19.17 15.81 16.78 19.92 21.52 17.57 19.56 23.64 24.22 24.03
17.28 14.96 15.14 14.74 11.65 9.87 12.86 13.38 17.69 20.38 21.24 17.52 16.84 15.09 13.47 12.32 10.83 9.01 7.85 6.83 4.94 3.00 3.41 3.29 1.34 0.00 1.34 3.54 4.10 7.07 7.76 2.88 5.51 10.07 12.97 11.81 14.14 12.05 9.12 11.12 12.61 9.91 6.28 10.81 12.13 7.60 9.54 12.99 13.53 11.31 14.29 16.85 15.91 15.50 17.84 20.82 23.28 20.51 19.68 23.88 25.71 21.13 23.00 27.50 28.22 28.49
15.67 14.16 13.04 11.68 9.63 8.88 10.02 11.74 15.02 18.27 19.89 16.35 17.13 16.66 14.56 12.22 11.96 11.00 8.69 7.01 6.77 5.08 3.14 3.15 3.32 1.34 0.00 1.34 3.46 6.77 7.86 4.21 2.79 8.38 10.88 8.64 11.20 9.06 5.98 8.51 10.70 7.85 7.06 10.41 12.14 7.07 11.13 14.34 14.18 13.23 16.19 18.62 16.07 17.61 20.00 22.95 25.37 22.58 20.03 25.09 26.85 20.52 22.83 27.69 28.41 29.60
12.74 11.96 11.79 9.74 7.05 8.64 9.29 11.80 15.42 17.94 20.11 17.05 18.09 17.35 16.27 13.69 12.27 12.27 10.81 7.89 7.40 7.05 5.30 2.88 3.53 3.54 1.34 0.00 1.33 3.52 6.06 5.98 3.39 7.34 8.89 6.96 8.17 5.33 3.83 5.23 7.20 4.08 3.95 6.92 8.66 3.50 8.45 11.34 11.25 11.84 14.28 16.37 14.49 16.52 19.07 22.15 24.21 20.82 20.00 23.62 24.59 17.77 21.36 25.74 25.99 26.88
18.26 16.73 17.34 16.15 12.86 12.54 15.07 16.85 20.78 23.27 24.86 21.20 20.92 18.95 17.93 16.51 14.69 13.14 12.44 10.59 8.60 7.83 7.14 4.73 2.94 4.10 3.46 1.33 0.00 1.35 3.15 3.14 3.16 5.05 7.57 7.78 9.93 9.18 5.79 7.20 9.57 8.18 4.81 8.90 11.23 7.71 9.33 13.21 14.73 13.15 15.40 18.41 18.31 17.82 19.84 23.11 25.34 21.50 23.23 26.52 27.78 22.42 25.49 29.62 29.91 29.87
20.17 18.67 19.96 18.98 15.49 14.80 18.06 19.76 23.77 25.89 27.41 23.82 23.12 21.03 20.30 19.16 16.85 15.42 15.30 13.56 9.95 10.56 10.64 8.11 5.76 7.07 6.77 3.52 1.35 0.00 1.34 3.29 3.55 3.09 5.25 6.92 9.41 9.76 6.64 6.91 9.43 9.43 4.94 8.65 11.46 10.08 8.90 13.14 15.32 14.23 15.43 18.68 19.83 19.13 21.06 24.49 26.33 21.99 24.62 27.36 28.33 23.74 26.97 30.62 30.65 29.96
23.24 21.81 22.73 21.53 18.19 17.70 20.57 22.22 26.26 28.67 30.11 26.44 25.76 23.70 22.55 21.52 19.54 17.80 17.23 15.82 13.24 12.25 12.19 10.22 7.55 7.76 7.86 6.06 3.15 1.34 0.00 1.34 3.58 4.46 7.48 8.98 11.35 11.83 8.42 9.28 11.84 12.33 8.39 12.03 14.82 12.85 12.56 16.79 18.88 17.63 19.08 22.29 23.20 22.41 24.41 27.77 29.79 25.58 27.95 30.81 31.94 27.12 30.31 34.13 34.24 33.63
21.56 19.79 19.29 18.15 15.54 14.99 16.57 17.52 21.21 24.52 25.56 21.89 21.68 20.33 18.04 16.81 16.14 14.31 12.15 11.55 10.75 8.20 6.61 7.44 6.49 2.88 4.21 5.98 3.14 3.29 1.34 0.00 1.33 3.57 6.92 7.22 10.25 10.60 6.98 9.32 12.19 11.94 9.60 13.31 15.92 11.74 14.11 18.19 18.86 17.36 20.33 22.83 21.26 21.53 23.92 26.79 29.30 26.64 24.92 29.69 31.57 26.10 28.31 33.00 33.69 34.28
19.41 18.46 18.72 16.90 13.97 14.78 16.25 18.58 22.17 24.81 26.78 23.22 23.45 22.14 20.71 18.84 17.35 16.33 14.84 12.81 11.48 10.62 8.91 6.82 6.32 5.51 2.79 3.39 3.16 3.55 3.58 1.33 0.00 1.33 3.05 3.06 5.82 7.12 3.54 5.94 8.73 8.26 7.62 10.58 12.73 9.26 12.28 15.67 16.96 16.52 18.84 21.29 20.55 21.54 23.81 27.06 29.21 25.35 25.77 29.22 30.23 24.09 27.67 31.84 31.99 32.24
23.79 23.10 23.81 21.91 18.69 19.71 21.53 23.98 27.61 30.05 32.06 28.55 28.55 26.93 25.72 24.10 22.31 21.09 20.03 18.09 16.27 15.39 14.28 12.03 10.55 10.07 8.38 7.34 5.05 3.09 4.46 3.57 1.33 0.00 1.34 3.49 6.72 8.98 6.55 8.02 10.77 12.04 10.41 13.01 15.54 13.89 15.09 18.72 20.65 20.45 21.86 24.80 25.14 25.60 27.64 31.05 33.04 28.51 30.52 33.37 34.02 28.19 32.20 35.98 35.71 35.54
23.22 23.31 24.29 21.96 18.02 21.02 22.28 24.97 28.61 30.69 32.96 30.05 30.26 28.69 27.81 26.02 24.01 23.10 22.28 20.02 17.98 17.79 16.71 14.00 12.82 12.97 10.88 8.89 7.57 5.25 7.48 6.92 3.05 1.34 0.00 1.34 3.38 6.08 6.63 6.84 8.99 10.90 10.92 12.50 14.06 14.74 15.62 18.08 20.75 21.43 22.11 25.20 25.78 26.58 28.59 32.07 33.65 28.86 31.40 34.00 33.93 27.59 32.47 35.83 34.97 34.99
19.33 19.44 20.38 17.78 14.14 17.43 18.26 20.96 24.55 26.73 29.11 26.41 27.06 25.86 25.25 23.01 20.98 20.73 19.91 17.14 15.64 16.10 14.36 11.53 11.50 11.81 8.64 6.96 7.78 6.92 8.98 7.22 3.06 3.49 1.34 0.00 1.34 3.25 3.25 3.14 5.23 6.98 7.79 9.13 10.86 11.10 12.79 14.62 16.97 18.21 19.13 21.66 21.96 23.31 25.53 28.95 30.26 25.66 27.74 30.22 30.11 23.68 28.58 31.95 31.13 31.27
16.96 16.99 18.88 16.54 11.89 15.91 17.37 20.16 23.68 25.25 27.64 25.32 26.18 24.91 24.98 22.50 20.36 20.64 20.05 16.97 15.19 16.83 15.46 12.09 12.72 14.14 11.20 8.17 9.93 9.41 11.35 10.25 5.82 6.72 3.38 1.34 0.00 1.34 3.37 3.25 2.89 4.93 6.77 6.91 7.56 10.31 11.99 12.09 15.02 16.70 17.66 19.85 20.21 21.98 24.24 27.60 28.45 23.94 25.88 28.28 27.76 21.12 26.46 29.53 28.41 28.69
14.52 14.98 15.92 13.43 9.34 13.00 14.19 16.99 20.53 22.30 24.72 22.36 23.46 22.74 22.30 19.62 17.75 18.20 17.28 14.12 13.27 14.50 12.76 9.42 10.97 12.05 9.06 5.33 9.18 9.76 11.83 10.60 7.12 8.98 6.08 3.25 1.34 0.00 1.34 3.35 3.44 2.90 4.95 6.94 6.87 7.57 10.68 11.58 13.42 14.90 16.71 18.47 17.83 20.11 22.57 25.83 26.95 22.86 23.91 26.43 26.23 19.16 24.25 27.71 26.96 27.61
15.04 14.65 15.81 13.93 9.93 12.34 13.99 16.67 20.28 22.19 24.37 21.47 21.97 20.80 20.32 18.04 15.92 15.87 15.23 12.31 10.82 11.86 10.66 7.20 7.89 9.12 5.98 3.83 5.79 6.64 8.42 6.98 3.54 6.55 6.63 3.25 3.37 1.34 0.00 1.34 3.42 3.40 2.87 5.02 6.95 6.07 8.39 10.79 12.31 13.30 14.87 17.01 16.99 18.34 20.66 24.03 25.54 21.20 22.79 25.38 25.61 19.34 23.79 27.40 26.96 27.14
14.66 13.75 16.30 14.72 9.80 12.86 15.02 17.67 21.15 22.55 24.69 22.09 22.42 20.52 21.20 19.04 16.52 16.72 16.75 13.76 10.66 13.61 12.70 9.29 9.55 11.12 8.51 5.23 7.20 6.91 9.28 9.32 5.94 8.02 6.84 3.14 3.25 3.35 1.34 0.00 1.33 3.35 3.29 2.95 5.02 6.87 7.14 8.58 10.92 12.35 12.92 15.46 16.55 17.52 19.63 23.07 24.07 19.38 21.66 24.21 24.01 18.25 23.00 26.09 25.27 25.09
11.44 10.97 13.67 11.90 6.61 10.70 12.71 15.40 18.75 19.89 22.19 20.10 20.95 19.43 20.42 17.86 15.50 16.40 16.35 13.08 10.72 14.13 13.19 8.65 10.64 12.61 10.70 7.20 9.57 9.43 11.84 12.19 8.73 10.77 8.99 5.23 2.89 3.44 3.42 1.33 0.00 1.34 3.38 2.89 2.90 5.01 6.95 6.66 9.04 10.96 12.48 13.90 14.32 16.28 18.61 21.87 22.53 18.30 19.86 22.23 21.73 15.24 20.44 23.49 22.56 22.87
9.41 9.86 10.19 7.01 5.34 8.02 8.49 11.16 14.43 16.24 18.85 17.16 18.08 16.87 17.26 14.73 12.41 13.22 13.07 9.80 8.00 10.91 10.19 5.69 7.74 9.91 7.85 4.08 8.18 9.43 12.33 11.94 8.26 12.04 10.90 6.98 4.93 2.90 3.40 3.35 1.34 0.00 1.33 3.34 3.24 2.85 4.86 6.76 7.64 8.88 10.79 12.61 12.22 14.09 16.55 19.80 21.05 17.07 18.12 20.64 20.80 14.47 18.89 22.47 22.14 22.50
12.20 10.74 13.02 11.98 7.54 8.62 11.98 14.24 17.62 18.95 20.80 17.89 17.79 15.61 16.25 14.70 11.91 11.37 11.82 9.71 5.14 7.90 8.59 5.42 3.91 6.28 7.06 3.95 4.81 4.94 8.39 9.60 7.62 10.41 10.92 7.79 6.77 4.95 2.87 3.29 3.38 1.33 0.00 1.34 3.43 3.48 2.77 5.05 6.98 7.73 8.91 11.19 12.36 12.73 14.87 18.31 19.72 15.22 17.30 19.91 20.30 15.29 19.07 22.45 22.23 21.89
10.93 8.53 12.12 12.21 6.33 9.52 12.60 14.46 17.78 18.48 20.39 18.12 18.18 15.48 17.86 15.86 12.95 13.88 14.83 11.88 7.41 12.10 12.02 8.66 7.97 10.81 10.41 6.92 8.90 8.65 12.03 13.31 10.58 13.01 12.50 9.13 6.91 6.94 5.02 2.95 2.89 3.34 1.34 0.00 1.34 3.40 3.25 2.96 5.14 6.91 7.32 9.41 11.07 12.02 14.03 17.39 18.00 13.38 15.66 18.26 17.99 13.14 17.51 20.30 19.62 19.15
7.70 5.75 8.82 9.05 3.21 7.03 9.67 11.46 14.64 15.25 17.22 15.23 15.77 13.73 16.02 13.64 10.75 12.61 13.38 10.34 7.29 11.23 11.88 7.09 8.66 12.13 12.14 8.66 11.23 11.46 14.82 15.92 12.73 15.54 14.06 10.86 7.56 6.87 6.95 5.02 2.90 3.24 3.43 1.34 0.00 1.33 3.30 3.20 2.97 5.13 6.94 8.13 8.57 10.38 12.74 15.88 16.51 12.68 13.75 16.14 16.00 10.33 14.70 17.88 17.47 17.64
8.71 6.78 8.95 8.08 4.08 4.23 7.55 9.81 13.44 14.55 16.18 13.39 13.24 11.04 12.47 10.23 7.68 8.37 8.66 5.64 3.63 6.34 7.12 2.99 4.51 7.60 7.07 3.50 7.71 10.08 12.85 11.74 9.26 13.89 14.74 11.10 10.31 7.57 6.07 6.87 5.01 2.85 3.48 3.40 1.33 0.00 1.33 3.36 3.33 2.99 5.16 7.14 7.49 8.09 10.54 13.80 15.35 11.62 12.52 15.17 16.03 11.46 14.30 17.99 18.24 18.22
10.51 7.88 10.87 11.09 6.17 6.73 10.64 12.10 15.53 16.29 17.89 15.32 14.55 10.94 14.40 12.82 9.27 10.64 11.75 9.05 4.02 9.00 10.49 7.46 5.20 9.54 11.13 8.45 9.33 8.90 12.56 14.11 12.28 15.09 15.62 12.79 11.99 10.68 8.39 7.14 6.95 4.86 2.77 3.25 3.30 1.33 0.00 1.34 3.39 3.22 2.96 5.35 7.05 7.44 9.23 12.68 13.79 9.19 11.64 14.41 14.94 11.53 14.65 17.57 17.65 16.70
8.87 5.08 8.93 10.86 5.81 8.08 11.40 11.64 14.30 14.50 16.33 14.63 14.37 10.85 15.35 13.62 9.24 11.85 13.77 11.32 6.23 11.22 13.20 9.78 8.53 12.99 14.34 11.34 13.21 13.14 16.79 18.19 15.67 18.72 18.08 14.62 12.09 11.58 10.79 8.58 6.66 6.76 5.05 2.96 3.20 3.36 1.34 0.00 1.34 3.29 3.25 3.42 5.32 6.94 8.73 11.78 11.89 7.78 9.51 12.12 12.01 8.22 11.95 14.54 14.33 13.60
5.99 3.73 5.69 7.34 3.71 4.96 7.76 8.24 11.12 11.54 13.18 11.25 11.00 8.05 12.30 10.66 5.99 8.94 11.20 9.08 6.31 10.13 12.20 7.64 9.64 13.53 14.18 11.25 14.73 15.32 18.88 18.86 16.96 20.65 20.75 16.97 15.02 13.42 12.31 10.92 9.04 7.64 6.98 5.14 2.97 3.33 3.39 1.34 0.00 1.33 3.40 3.35 2.87 4.49 6.94 9.76 10.70 7.71 7.76 10.24 11.20 7.42 9.74 13.20 13.66 13.79
9.12 6.30 8.08 10.01 6.61 5.37 9.75 9.13 12.25 13.12 13.97 10.98 8.80 5.32 7.76 7.80 4.40 3.70 6.41 6.92 3.34 4.31 9.16 8.83 6.84 11.31 13.23 11.84 13.15 14.23 17.63 17.36 16.52 20.45 21.43 18.21 16.70 14.90 13.30 12.35 10.96 8.88 7.73 6.91 5.13 2.99 3.22 3.29 1.33 0.00 1.34 3.24 3.62 2.74 4.49 7.94 9.67 6.36 7.76 10.51 11.90 9.61 11.68 14.81 15.55 14.83
11.45 6.91 10.34 12.56 8.95 8.07 12.58 11.58 14.31 14.27 16.15 13.59 12.81 7.80 13.27 12.30 7.69 9.78 11.87 10.90 6.33 10.40 13.24 11.79 9.57 14.29 16.19 14.28 15.40 15.43 19.08 20.33 18.84 21.86 22.11 19.13 17.66 16.71 14.87 12.92 12.48 10.79 8.91 7.32 6.94 5.16 2.96 3.25 3.40 1.34 0.00 1.34 3.70 4.22 4.26 7.24 7.66 3.18 6.25 9.16 9.59 8.31 10.99 13.34 13.81 12.18
9.15 3.62 7.35 11.07 9.03 8.39 12.86 10.46 11.97 11.09 13.15 10.80 10.90 6.54 11.89 11.91 6.93 10.02 12.72 12.45 8.94 12.71 15.39 13.18 12.25 16.85 18.62 16.37 18.41 18.68 22.29 22.83 21.29 24.80 25.20 21.66 19.85 18.47 17.01 15.46 13.90 12.61 11.19 9.41 8.13 7.14 5.35 3.42 3.35 3.24 1.34 0.00 1.33 3.37 3.49 5.65 5.75 3.19 3.11 5.92 6.48 3.52 6.53 9.04 9.18 8.86
6.61 3.60 3.53 6.31 7.16 4.44 7.66 5.28 7.19 7.25 9.13 7.60 6.98 2.87 7.83 8.33 3.82 6.56 9.42 8.41 7.99 10.93 11.70 9.24 12.24 15.91 16.07 14.49 18.31 19.83 23.20 21.26 20.55 25.14 25.78 21.96 20.21 17.83 16.99 16.55 14.32 12.22 12.36 11.07 8.57 7.49 7.05 5.32 2.87 3.62 3.70 1.33 0.00 1.33 3.38 5.06 7.17 5.31 4.13 7.01 8.55 4.13 5.15 9.46 10.57 11.74
11.96 8.00 8.17 12.07 11.28 6.91 12.24 9.45 11.41 11.22 12.55 9.70 8.63 2.82 8.08 9.23 4.53 5.95 9.17 10.30 7.50 8.89 12.93 12.47 11.46 15.50 17.61 16.52 17.82 19.13 22.41 21.53 21.54 25.60 26.58 23.31 21.98 20.11 18.34 17.52 16.28 14.09 12.73 12.02 10.38 8.09 7.44 6.94 4.49 2.74 4.22 3.37 1.33 0.00 1.34 4.09 6.54 6.10 5.60 8.41 10.26 8.64 9.77 13.17 14.33 14.14
14.18 9.60 8.07 14.63 13.86 9.61 14.99 11.87 12.83 11.25 12.86 10.12 9.84 4.15 9.81 11.17 6.78 8.10 11.37 12.65 9.94 10.66 15.36 15.23 13.67 17.84 20.00 19.07 19.84 21.06 24.41 23.92 23.81 27.64 28.59 25.53 24.24 22.57 20.66 19.63 18.61 16.55 14.87 14.03 12.74 10.54 9.23 8.73 6.94 4.49 4.26 3.49 3.38 1.34 0.00 1.34 2.89 3.29 2.86 4.87 6.78 7.46 7.86 10.60 12.12 11.56
15.86 11.68 8.27 16.22 16.61 11.83 16.98 13.13 13.26 11.03 12.35 9.68 9.23 4.73 9.65 11.87 8.10 9.46 13.02 14.57 12.77 12.85 17.62 17.77 16.91 20.82 22.95 22.15 23.11 24.49 27.77 26.79 27.06 31.05 32.07 28.95 27.60 25.83 24.03 23.07 21.87 19.80 18.31 17.39 15.88 13.80 12.68 11.78 9.76 7.94 7.24 5.65 5.06 4.09 1.34 0.00 1.34 3.55 3.84 3.16 5.24 7.21 6.64 8.60 11.05 10.88
15.60 10.85 9.44 16.90 17.10 13.93 18.80 14.99 15.10 12.90 14.44 11.88 11.75 7.15 12.33 14.42 10.12 12.24 15.76 17.16 15.21 15.51 20.09 19.81 19.17 23.28 25.37 24.21 25.34 26.33 29.79 29.30 29.21 33.04 33.65 30.26 28.45 26.95 25.54 24.07 22.53 21.05 19.72 18.00 16.51 15.35 13.79 11.89 10.70 9.67 7.66 5.75 7.17 6.54 2.89 1.34 0.00 1.34 3.36 3.31 3.05 5.15 6.97 7.53 9.10 7.58
12.34 7.42 7.46 13.90 14.01 12.12 16.29 13.17 13.45 11.41 13.65 11.80 12.53 8.28 13.71 14.60 9.36 12.82 15.77 16.02 12.57 14.51 18.96 17.49 15.81 20.51 22.58 20.82 21.50 21.99 25.58 26.64 25.35 28.51 28.86 25.66 23.94 22.86 21.20 19.38 18.30 17.07 15.22 13.38 12.68 11.62 9.19 7.78 7.71 6.36 3.18 3.19 5.31 6.10 3.29 3.55 1.34 0.00 1.34 3.38 3.20 2.82 4.89 6.70 7.52 6.86
11.19 7.63 2.92 10.28 12.48 8.66 11.01 7.00 5.16 2.96 4.24 2.83 4.12 3.89 6.69 7.44 3.18 8.05 10.45 10.73 11.68 13.85 12.80 14.18 16.78 19.68 20.03 20.00 23.23 24.62 27.95 24.92 25.77 30.52 31.40 27.74 25.88 23.91 22.79 21.66 19.86 18.12 17.30 15.66 13.75 12.52 11.64 9.51 7.76 7.76 6.25 3.11 4.13 5.60 2.86 3.84 3.36 1.34 0.00 1.34 3.32 3.27 2.81 4.88 6.71 7.68
13.35 9.67 6.39 14.47 15.98 12.98 16.81 13.05 12.38 9.67 11.89 10.27 11.43 7.83 12.99 14.44 8.99 13.55 16.38 16.52 15.67 17.83 19.38 18.58 19.92 23.88 25.09 23.62 26.52 27.36 30.81 29.69 29.22 33.37 34.00 30.22 28.28 26.43 25.38 24.21 22.23 20.64 19.91 18.26 16.14 15.17 14.41 12.12 10.24 10.51 9.16 5.92 7.01 8.41 4.87 3.16 3.31 3.38 1.34 0.00 1.34 3.42 3.62 3.09 5.19 5.83
12.31 8.83 8.28 14.94 15.72 14.98 18.14 15.18 14.52 11.76 13.97 12.95 14.25 10.57 15.93 17.05 11.54 16.04 18.89 18.76 17.65 19.96 21.78 19.96 21.52 25.71 26.85 24.59 27.78 28.33 31.94 31.57 30.23 34.02 33.93 30.11 27.76 26.23 25.61 24.01 21.73 20.80 20.30 17.99 16.00 16.03 14.94 12.01 11.20 11.90 9.59 6.48 8.55 10.26 6.78 5.24 3.05 3.20 3.32 1.34 0.00 1.33 3.41 3.23 2.97 2.82
3.76 3.40 3.87 7.26 8.21 9.46 11.25 9.75 9.65 7.83 10.26 10.90 12.62 10.49 14.91 13.96 8.87 13.54 16.10 13.90 14.05 16.92 16.92 13.41 17.57 21.13 20.52 17.77 22.42 23.74 27.12 26.10 24.09 28.19 27.59 23.68 21.12 19.16 19.34 18.25 15.24 14.47 15.29 13.14 10.33 11.46 11.53 8.22 7.42 9.61 8.31 3.52 4.13 8.64 7.46 7.21 5.15 2.82 3.27 3.42 1.33 0.00 1.34 3.22 2.94 4.81
8.80 7.83 2.65 10.18 12.26 11.21 13.37 9.96 8.52 5.80 7.91 7.86 10.06 8.34 12.62 12.52 7.75 13.22 15.83 14.53 15.20 17.92 17.14 15.95 19.56 23.00 22.83 21.36 25.49 26.97 30.31 28.31 27.67 32.20 32.47 28.58 26.46 24.25 23.79 23.00 20.44 18.89 19.07 17.51 14.70 14.30 14.65 11.95 9.74 11.68 10.99 6.53 5.15 9.77 7.86 6.64 6.97 4.89 2.81 3.62 3.41 1.34 0.00 1.34 3.40 5.78
11.81 10.40 7.89 14.61 16.45 16.04 18.24 15.19 13.67 10.64 12.57 13.37 15.56 13.10 17.92 17.96 12.79 18.04 20.75 19.64 19.65 22.55 22.38 20.68 23.64 27.50 27.69 25.74 29.62 30.62 34.13 33.00 31.84 35.98 35.83 31.95 29.53 27.71 27.40 26.09 23.49 22.47 22.45 20.30 17.88 17.99 17.57 14.54 13.20 14.81 13.34 9.04 9.46 13.17 10.60 8.60 7.53 6.70 4.88 3.09 3.23 3.22 1.34 0.00 1.33 3.28
11.61 10.21 9.70 14.83 16.59 17.12 19.02 16.43 15.38 12.32 14.57 15.63 17.80 15.14 20.07 20.05 14.61 19.66 22.36 20.92 20.66 23.65 23.83 21.31 24.22 28.22 28.41 25.99 29.91 30.65 34.24 33.69 31.99 35.71 34.97 31.13 28.41 26.96 26.96 25.27 22.56 22.14 22.23 19.62 17.47 18.24 17.65 14.33 13.66 15.55 13.81 9.18 10.57 14.33 12.12 11.05 9.10 7.52 6.71 5.19 2.97 2.94 3.40 1.33 0.00 1.34
13.46 10.88 11.52 16.93 17.54 18.29 20.65 18.28 17.49 14.78 16.89 17.36 19.20 15.94 21.17 21.42 15.93 20.58 23.39 22.28 20.65 23.98 25.39 22.58 24.03 28.49 29.60 26.88 29.87 29.96 33.63 34.28 32.24 35.54 34.99 31.27 28.69 27.61 27.14 25.09 22.87 22.50 21.89 19.15 17.64 18.22 16.70 13.60 13.79 14.83 12.18 8.86 11.74 14.14 11.56 10.88 7.58 6.86 7.68 5.83 2.82 4.81 5.78 3.28 1.34 0.00
