0.00 2.48 4.37 3.78 5.05 7.28 8.75 9.50 9.71 7.92 10.86 12.19 14.93 14.97 17.70 15.54 11.68 15.40 17.06 13.21 14.16 16.77 15.78 11.09 16.87 19.67 17.93 15.04 20.63 22.47 25.57 23.92 21.73 26.02 26.10 21.54 20.81 18.03 18.38 18.46 14.85 11.27 14.84 14.32 9.84 10.90 12.60 10.37 7.85 10.82 12.86 9.77 7.69 13.14 15.30 16.45 17.05 14.25 11.33 13.35 13.74 3.76 8.80 11.81 11.61 13.46
2.48 0.00 2.46 4.35 4.24 5.26 7.41 7.54 9.79 8.80 11.22 10.86 13.27 11.24 14.62 13.46 8.53 11.79 13.87 10.62 10.67 13.55 13.71 9.14 13.69 16.94 16.24 13.56 18.27 19.26 22.71 21.79 19.95 23.87 23.92 20.44 19.38 17.18 16.80 16.00 13.28 11.28 12.30 10.70 7.39 7.72 8.53 5.84 4.00 6.39 7.29 3.62 3.82 8.00 9.84 11.76 12.15 8.29 7.63 9.67 9.91 3.40 7.83 10.40 10.21 10.88
4.37 2.46 0.00 2.44 4.30 4.54 5.26 4.11 5.16 3.74 5.45 5.42 7.45 7.53 10.27 8.89 4.31 9.43 11.45 8.39 9.81 12.66 10.97 8.19 13.96 16.63 15.16 13.62 18.80 20.91 24.02 21.19 20.41 25.21 25.86 21.70 21.76 18.87 18.14 18.42 16.03 11.72 14.14 14.01 10.47 9.31 10.87 10.27 5.69 8.08 10.34 7.46 3.53 8.17 9.57 8.81 9.97 9.08 2.92 6.39 8.28 3.87 2.65 7.89 9.70 11.52
3.78 4.35 2.44 0.00 2.45 4.22 4.30 4.99 6.18 6.29 9.08 9.07 12.21 13.44 14.80 11.84 9.10 12.18 13.43 9.20 10.81 13.60 11.36 7.45 14.11 16.69 13.94 12.08 18.26 20.89 23.61 20.39 19.18 24.11 24.83 19.92 20.58 17.24 16.82 17.73 15.48 9.05 13.76 14.60 10.57 9.79 11.92 12.03 7.34 10.01 12.56 11.07 6.31 12.07 14.64 16.22 17.43 15.17 10.28 14.47 15.74 7.26 10.18 14.61 14.83 16.93
5.05 4.24 4.30 2.45 0.00 2.44 4.17 6.00 8.54 9.33 11.93 11.01 14.11 14.24 15.94 13.11 10.35 12.43 13.30 8.91 9.02 11.83 11.39 5.31 10.65 13.40 11.97 8.34 13.72 15.60 18.52 17.58 14.57 18.69 18.89 14.40 14.24 11.29 11.07 11.49 8.78 5.34 7.71 7.85 3.87 4.08 6.17 5.88 3.71 6.61 8.95 9.03 7.16 11.28 13.86 16.61 17.81 14.05 12.48 15.98 16.74 8.21 12.26 16.45 16.59 17.54
7.28 5.26 4.54 4.22 2.44 0.00 2.48 4.13 7.50 9.00 10.66 7.25 9.31 7.87 9.20 7.31 3.59 5.30 6.78 3.73 3.48 5.97 7.24 3.21 7.21 9.87 10.12 8.83 12.54 14.80 17.70 15.06 14.78 19.71 21.02 17.53 18.20 15.17 13.98 14.41 12.93 8.02 9.51 10.47 8.09 4.23 6.73 8.31 4.96 5.37 8.07 8.84 4.44 6.91 9.61 11.83 13.93 12.28 8.66 12.98 14.98 9.46 11.21 16.04 17.12 18.29
8.75 7.41 5.26 4.30 4.17 2.48 0.00 2.45 5.86 8.59 10.82 8.63 11.73 13.06 13.37 9.70 8.29 10.06 10.32 5.56 7.45 10.06 6.85 3.78 10.46 12.86 10.02 9.29 15.07 18.06 20.57 16.57 16.25 21.53 22.74 18.26 19.54 16.27 14.97 16.08 14.77 8.49 11.99 13.23 10.44 7.55 10.64 11.99 7.76 9.75 12.58 12.90 7.66 12.24 14.99 16.98 18.80 16.83 11.67 16.81 18.53 11.25 13.37 18.24 19.02 20.65
9.50 7.54 4.11 4.99 6.00 4.13 2.45 0.00 2.48 5.57 7.03 3.91 6.97 8.60 8.92 5.10 4.23 6.63 6.76 3.29 6.16 8.86 4.89 6.12 11.33 13.38 11.74 11.80 16.85 19.76 22.22 17.52 18.58 23.98 25.35 20.96 22.33 19.05 17.67 18.79 17.52 11.16 14.62 15.73 12.97 9.81 12.10 12.86 8.24 9.13 11.58 11.25 5.28 9.45 11.87 13.13 14.99 14.07 7.00 13.05 15.18 9.75 9.96 15.19 16.56 18.28
9.71 9.79 5.16 6.18 8.54 7.50 5.86 2.48 0.00 2.46 3.78 4.13 6.60 9.95 10.89 5.36 7.29 10.35 10.10 7.76 10.67 13.38 7.81 9.75 15.55 17.69 15.02 15.42 20.78 23.77 26.26 21.21 22.17 27.61 29.00 24.55 25.88 22.53 21.31 22.40 20.93 14.43 18.16 19.08 16.09 13.44 15.69 16.46 11.62 13.05 15.41 14.26 8.51 13.06 15.26 15.67 17.47 16.97 7.50 14.58 16.57 10.95 10.29 15.27 16.79 19.04
7.92 8.80 3.74 6.29 9.33 9.00 8.59 5.57 2.46 0.00 2.46 4.30 7.69 10.01 12.06 8.14 7.24 11.95 13.39 10.55 12.93 15.77 11.80 12.20 18.01 20.38 18.27 17.94 23.27 25.89 28.67 24.52 24.81 30.05 31.17 26.73 27.54 24.34 23.37 24.21 22.19 16.24 19.82 20.31 16.88 15.11 16.70 16.24 11.75 13.12 14.90 11.81 7.55 12.06 13.77 13.17 14.70 14.10 5.02 11.25 12.89 7.83 6.34 10.77 12.32 14.78
10.86 11.22 5.45 9.08 11.93 10.66 10.82 7.03 3.78 2.46 0.00 2.48 5.55 8.49 10.70 6.38 7.57 12.06 13.49 11.69 14.00 16.70 12.59 14.25 19.52 21.77 20.04 20.11 25.02 27.57 30.35 26.05 26.78 32.06 33.31 29.11 29.94 26.82 25.65 26.43 24.52 18.85 21.84 22.26 19.16 16.88 18.39 18.12 13.66 14.57 16.34 13.51 9.13 12.98 14.44 13.04 14.90 15.11 4.65 11.89 13.97 10.26 7.91 12.57 14.57 16.89
12.19 10.86 5.42 9.07 11.01 7.25 8.63 3.91 4.13 4.30 2.48 0.00 2.44 5.69 7.26 3.25 4.26 7.59 8.73 7.43 9.72 12.23 8.47 11.20 15.50 17.52 16.35 17.05 21.20 23.82 26.44 21.89 23.22 28.55 30.11 26.41 27.55 24.59 22.83 23.65 22.36 17.16 18.86 19.67 17.27 13.60 15.59 16.19 11.79 10.98 13.96 13.14 7.78 10.54 12.28 12.03 14.21 14.76 4.05 11.97 14.40 11.23 8.70 13.91 16.01 18.07
14.93 13.27 7.45 12.21 14.11 9.31 11.73 6.97 6.60 7.69 5.55 2.44 0.00 2.45 3.69 2.92 5.24 7.36 7.78 9.26 11.19 11.98 9.97 13.84 17.08 18.47 18.47 19.56 22.87 25.28 27.66 22.81 25.29 30.52 32.25 28.95 30.08 27.30 25.29 25.94 24.87 20.20 20.95 21.81 19.65 15.64 17.46 17.93 13.98 11.05 14.82 13.98 9.70 10.42 11.27 9.96 12.55 13.89 4.47 11.79 14.71 13.03 10.06 15.59 17.87 19.57
14.97 11.24 7.53 13.44 14.24 7.87 13.06 8.60 9.95 10.01 8.49 5.69 2.45 0.00 2.45 4.38 4.11 5.20 7.27 8.99 8.53 9.25 11.28 13.74 13.22 16.59 18.61 18.27 19.61 21.29 24.34 22.35 23.19 27.59 28.95 26.93 27.11 25.17 22.89 22.37 21.62 19.12 16.52 17.36 16.07 12.51 12.41 12.66 10.30 5.32 8.54 8.25 5.23 3.32 4.15 4.73 7.15 8.36 3.89 7.83 10.57 10.49 8.34 13.10 15.14 15.94
17.70 14.62 10.27 14.80 15.94 9.20 13.37 8.92 10.89 12.06 10.70 7.26 3.69 2.45 0.00 2.47 4.40 4.42 5.06 7.34 9.01 8.08 9.44 13.12 14.13 15.64 16.92 18.43 19.81 22.19 24.55 20.35 22.93 27.85 29.87 27.66 28.90 26.62 23.92 24.31 24.11 20.92 18.00 20.39 19.25 14.19 15.89 16.76 14.01 8.32 13.30 13.51 9.71 8.61 9.81 9.65 12.33 13.77 6.69 12.99 15.93 14.91 12.62 17.92 20.07 21.17
15.54 13.46 8.89 11.84 13.11 7.31 9.70 5.10 5.36 8.14 6.38 3.25 2.92 4.38 2.47 0.00 2.46 4.32 3.98 5.04 7.24 8.77 6.09 10.91 12.95 14.37 14.30 16.03 18.72 21.32 23.62 18.70 21.09 26.35 28.33 25.43 26.94 24.31 21.84 22.66 22.23 17.95 17.18 19.01 17.67 12.53 14.94 16.14 12.81 8.77 13.73 14.25 9.84 9.80 11.43 11.87 14.42 15.50 7.44 14.55 17.31 14.72 12.52 17.96 20.11 21.95
11.68 8.53 4.31 9.10 10.35 3.59 8.29 4.23 7.29 7.24 7.57 4.26 5.24 4.11 4.40 2.46 0.00 2.44 4.24 4.58 5.19 7.38 6.83 8.95 10.76 13.17 13.73 14.23 17.01 18.94 21.92 18.29 19.56 24.59 26.04 23.39 23.86 21.57 19.43 19.36 18.43 15.57 14.16 14.76 13.02 9.11 10.20 10.66 7.55 4.40 7.69 8.03 3.87 4.53 6.78 8.10 10.12 10.23 3.18 8.99 11.54 8.87 7.75 12.79 14.61 15.93
15.40 11.79 9.43 12.18 12.43 5.30 10.06 6.63 10.35 11.95 12.06 7.59 7.36 5.20 4.42 4.32 2.44 0.00 2.47 4.41 4.42 3.20 7.40 9.05 9.11 11.29 13.27 14.02 14.91 17.28 19.84 16.69 18.45 23.16 25.01 23.05 24.05 22.00 19.21 19.34 19.31 16.32 12.94 15.43 14.79 9.40 11.06 12.42 10.12 3.70 9.78 10.81 7.35 6.54 8.10 9.46 12.24 12.82 8.05 13.55 16.04 13.54 13.22 18.04 19.66 20.62
17.06 13.87 11.45 13.43 13.30 6.78 10.32 6.76 10.10 13.39 13.49 8.73 7.78 7.27 5.06 3.98 4.24 2.47 0.00 2.43 4.45 4.56 4.46 7.37 9.03 9.95 11.06 13.03 14.59 17.16 19.21 14.38 17.16 22.23 24.45 22.20 23.92 21.62 18.67 19.47 19.78 16.12 13.43 16.23 15.76 9.93 12.37 13.95 11.80 6.41 11.87 13.26 9.97 9.17 11.37 13.02 15.76 15.77 10.45 16.38 18.89 16.10 15.83 20.75 22.36 23.40
13.21 10.62 8.39 9.20 8.91 3.73 5.56 3.29 7.76 10.55 11.69 7.43 9.26 8.99 7.34 5.04 4.58 4.41 2.43 0.00 2.45 4.33 3.65 5.12 7.24 8.92 8.63 10.06 12.92 15.85 18.10 13.37 15.10 20.43 22.38 19.40 21.10 18.49 15.86 16.82 16.81 12.46 11.96 13.87 12.95 7.42 10.59 12.46 9.23 7.45 11.70 12.88 8.41 10.30 12.65 14.57 17.16 16.20 10.73 16.52 18.76 13.90 14.53 19.64 20.92 22.28
14.16 10.67 9.81 10.81 9.02 3.48 7.45 6.16 10.67 12.93 14.00 9.72 11.19 8.53 9.01 7.24 5.19 4.42 4.45 2.45 0.00 2.45 4.45 4.67 3.28 7.31 8.97 8.90 8.77 9.95 13.24 12.96 13.30 16.77 17.98 17.04 17.16 15.78 13.01 12.19 12.41 10.21 5.14 8.08 8.52 3.63 4.02 6.23 6.89 3.34 6.33 8.94 7.99 7.50 9.94 12.77 15.21 12.57 11.68 15.67 17.65 14.05 15.20 19.65 20.66 21.15
16.77 13.55 12.66 13.60 11.83 5.97 10.06 8.86 13.38 15.77 16.70 12.23 11.98 9.25 8.08 8.77 7.38 3.20 4.56 4.33 2.45 0.00 2.45 4.35 4.40 5.13 7.34 8.98 9.51 11.94 14.03 10.59 12.68 17.35 19.55 18.09 19.67 17.78 14.52 15.10 15.68 12.46 8.50 12.10 12.58 6.34 9.00 11.22 10.39 4.31 10.40 12.71 10.93 8.93 10.66 12.85 15.51 14.51 13.85 17.83 19.96 16.92 17.92 22.55 23.65 24.42
15.78 13.71 10.97 11.36 11.39 7.24 6.85 4.89 7.81 11.80 12.59 8.47 9.97 11.28 9.44 6.09 6.83 7.40 4.46 3.65 4.45 2.45 0.00 2.45 4.44 4.59 5.33 7.56 9.16 12.49 14.04 8.42 11.24 16.51 18.93 16.65 18.87 16.76 13.39 14.69 15.73 11.86 9.52 13.06 13.79 7.57 10.74 13.26 12.20 9.16 13.24 15.39 11.70 12.93 15.36 17.62 20.09 18.96 12.80 19.38 21.78 16.92 17.14 22.38 23.83 25.39
11.09 9.14 8.19 7.45 5.31 3.21 3.78 6.12 9.75 12.20 14.25 11.20 13.84 13.74 13.12 10.91 8.95 9.05 7.37 5.12 4.67 4.35 2.45 0.00 2.48 4.32 4.34 4.07 7.07 10.45 12.52 8.62 9.00 14.36 16.32 13.18 14.61 11.66 9.64 10.77 10.36 6.06 6.87 8.72 7.64 2.99 7.46 9.78 7.64 8.83 11.79 13.18 9.24 12.47 15.23 17.77 19.81 17.50 14.18 18.58 20.28 13.41 15.95 20.68 21.31 22.58
16.87 13.69 13.96 14.11 10.65 7.21 10.46 11.33 15.55 18.01 19.52 15.50 17.08 13.22 14.13 12.95 10.76 9.11 9.03 7.24 3.28 4.40 4.44 2.48 0.00 2.46 4.31 4.61 4.91 7.34 9.71 8.27 8.12 12.59 14.58 13.24 14.75 13.29 9.65 10.20 11.31 8.56 3.91 7.97 9.26 4.51 5.20 8.53 9.64 6.84 9.57 12.25 12.24 11.46 13.67 16.91 19.17 15.81 16.78 19.92 21.52 17.57 19.56 23.64 24.22 24.61
19.67 16.94 16.63 16.69 13.40 9.87 12.86 13.38 17.69 20.38 21.77 17.52 18.47 16.59 15.64 14.37 13.17 11.29 9.95 8.92 7.31 5.13 4.59 4.32 2.46 0.00 2.46 4.47 4.67 7.83 8.23 3.03 7.34 11.88 14.57 13.47 15.61 14.36 10.26 11.45 12.97 10.28 6.28 10.81 12.46 7.60 9.54 12.99 13.53 11.31 14.29 16.85 15.91 15.50 17.84 20.82 23.28 20.51 19.68 23.88 25.71 21.13 23.00 27.50 28.22 28.88
17.93 16.24 15.16 13.94 11.97 10.12 10.02 11.74 15.02 18.27 20.04 16.35 18.47 18.61 16.92 14.30 13.73 13.27 11.06 8.63 8.97 7.34 5.33 4.34 4.31 2.46 0.00 2.46 4.46 7.99 9.32 4.21 5.10 10.59 13.14 10.90 13.49 11.79 7.96 10.14 12.02 8.33 7.42 11.32 12.73 7.07 11.13 14.34 14.18 13.23 16.19 18.62 16.07 17.61 20.00 22.95 25.37 22.58 20.03 25.09 26.97 20.52 22.83 27.69 28.41 29.60
15.04 13.56 13.62 12.08 8.34 8.83 9.29 11.80 15.42 17.94 20.11 17.05 19.56 18.27 18.43 16.03 14.23 14.02 13.03 10.06 8.90 8.98 7.56 4.07 4.61 4.47 2.46 0.00 2.46 5.48 7.57 5.98 3.39 8.42 10.31 6.96 9.33 6.86 4.02 5.81 7.35 4.08 4.28 6.92 8.66 3.50 8.50 11.34 11.25 11.84 14.28 16.37 14.49 16.52 19.07 22.15 24.21 20.82 20.00 23.62 25.04 17.77 21.36 25.74 25.99 26.98
20.63 18.27 18.80 18.26 13.72 12.54 15.07 16.85 20.78 23.27 25.02 21.20 22.87 19.61 19.81 18.72 17.01 14.91 14.59 12.92 8.77 9.51 9.16 7.07 4.91 4.67 4.46 2.46 0.00 2.50 3.15 4.56 3.70 7.40 9.64 9.10 11.10 10.69 6.08 7.39 9.57 8.27 4.81 8.90 11.23 7.71 9.33 13.21 14.73 13.15 15.40 18.41 18.31 17.82 19.84 23.11 25.34 21.50 23.23 26.52 27.97 22.42 25.49 29.62 29.91 30.38
22.47 19.26 20.91 20.89 15.60 14.80 18.06 19.76 23.77 25.89 27.57 23.82 25.28 21.29 22.19 21.32 18.94 17.28 17.16 15.85 9.95 11.94 12.49 10.45 7.34 7.83 7.99 5.48 2.50 0.00 2.47 4.39 4.55 4.85 6.45 7.54 9.41 10.46 6.64 6.91 9.43 10.03 4.94 8.65 11.46 10.08 8.90 13.14 15.32 14.23 15.43 18.68 19.83 19.13 21.06 24.49 26.33 21.99 24.62 27.36 28.33 23.74 26.97 30.62 30.65 30.80
25.57 22.71 24.02 23.61 18.52 17.70 20.57 22.22 26.26 28.67 30.35 26.44 27.66 24.34 24.55 23.62 21.92 19.84 19.21 18.10 13.24 14.03 14.04 12.52 9.71 8.23 9.32 7.57 3.15 2.47 0.00 2.46 4.42 5.08 7.48 8.98 11.35 12.53 8.42 9.28 11.84 12.57 8.39 12.03 14.82 12.85 12.56 16.79 18.88 17.63 19.08 22.29 23.20 22.41 24.41 27.77 29.79 25.58 27.95 30.81 31.96 27.12 30.31 34.13 34.24 34.43
23.92 21.79 21.19 20.39 17.58 15.06 16.57 17.52 21.21 24.52 26.05 21.89 22.81 22.35 20.35 18.70 18.29 16.69 14.38 13.37 12.96 10.59 8.42 8.62 8.27 3.03 4.21 5.98 4.56 4.39 2.46 0.00 2.43 4.54 7.79 8.68 11.55 12.47 8.00 9.90 12.68 12.16 9.60 13.31 15.92 11.74 14.11 18.19 18.86 17.36 20.33 22.83 21.26 21.53 23.92 26.79 29.30 26.64 24.92 29.69 31.57 26.10 28.31 33.00 33.69 34.53
21.73 19.95 20.41 19.18 14.57 14.78 16.25 18.58 22.17 24.81 26.78 23.22 25.29 23.19 22.93 21.09 19.56 18.45 17.16 15.10 13.30 12.68 11.24 9.00 8.12 7.34 5.10 3.39 3.70 4.55 4.42 2.43 0.00 2.44 5.11 4.33 7.27 7.85 3.54 6.10 8.95 8.26 7.62 10.58 12.73 9.26 12.28 15.67 16.96 16.52 18.84 21.29 20.55 21.54 23.81 27.06 29.21 25.35 25.77 29.22 30.61 24.09 27.67 31.84 31.99 32.61
26.02 23.87 25.21 24.11 18.69 19.71 21.53 23.98 27.61 30.05 32.06 28.55 30.52 27.59 27.85 26.35 24.59 23.16 22.23 20.43 16.77 17.35 16.51 14.36 12.59 11.88 10.59 8.42 7.40 4.85 5.08 4.54 2.44 0.00 2.45 4.58 7.72 9.57 6.55 8.02 10.84 12.04 10.41 13.01 15.54 13.89 15.09 18.72 20.65 20.45 21.86 24.80 25.14 25.60 27.64 31.05 33.04 28.51 30.52 33.37 34.31 28.19 32.20 35.98 35.71 36.17
26.10 23.92 25.86 24.83 18.89 21.02 22.74 25.35 29.00 31.17 33.31 30.11 32.25 28.95 29.87 28.33 26.04 25.01 24.45 22.38 17.98 19.55 18.93 16.32 14.58 14.57 13.14 10.31 9.64 6.45 7.48 7.79 5.11 2.45 0.00 2.49 5.03 7.68 7.08 7.22 9.85 11.76 10.92 12.61 15.29 14.90 15.62 18.51 20.92 21.43 22.11 25.20 25.98 26.58 28.59 32.07 33.65 28.86 31.40 34.02 34.48 28.30 32.83 36.26 35.59 36.05
21.54 20.44 21.70 19.92 14.40 17.53 18.26 20.96 24.55 26.73 29.11 26.41 28.95 26.93 27.66 25.43 23.39 23.05 22.20 19.40 17.04 18.09 16.65 13.18 13.24 13.47 10.90 6.96 9.10 7.54 8.98 8.68 4.33 4.58 2.49 0.00 2.45 3.62 3.25 5.27 7.21 7.76 9.09 11.10 11.43 11.54 14.74 16.57 18.34 19.51 21.19 23.24 22.62 24.56 26.96 30.28 32.04 27.50 28.63 31.37 32.10 24.37 29.26 32.90 32.23 33.08
20.81 19.38 21.76 20.58 14.24 18.20 19.54 22.33 25.88 27.54 29.94 27.55 30.08 27.11 28.90 26.94 23.86 24.05 23.92 21.10 17.16 19.67 18.87 14.61 14.75 15.61 13.49 9.33 11.10 9.41 11.35 11.55 7.27 7.72 5.03 2.45 0.00 2.46 4.42 4.42 4.87 7.27 8.88 9.04 9.51 12.40 13.92 14.15 17.36 18.98 19.71 22.14 22.58 24.22 26.44 29.84 31.15 26.11 28.21 30.64 30.66 23.50 28.86 31.91 30.74 31.44
18.03 17.18 18.87 17.24 11.29 15.17 16.27 19.05 22.53 24.34 26.82 24.59 27.30 25.17 26.62 24.31 21.57 22.00 21.62 18.49 15.78 17.78 16.76 11.66 13.29 14.36 11.79 6.86 10.69 10.46 12.53 12.47 7.85 9.57 7.68 3.62 2.46 0.00 2.47 4.36 4.44 5.07 7.23 8.54 7.38 9.95 12.96 13.25 15.61 17.21 18.95 20.62 20.09 22.45 24.89 28.16 29.68 25.00 26.17 28.63 29.04 21.02 26.35 29.68 28.73 29.65
18.38 16.80 18.14 16.82 11.07 13.98 14.97 17.67 21.31 23.37 25.65 22.83 25.29 22.89 23.92 21.84 19.43 19.21 18.67 15.86 13.01 14.52 13.39 9.64 9.65 10.26 7.96 4.02 6.08 6.64 8.42 8.00 3.54 6.55 7.08 3.25 4.42 2.47 0.00 2.46 4.38 4.39 5.04 7.30 8.95 7.62 10.78 13.05 14.39 15.44 17.15 19.22 18.75 20.48 22.87 26.19 27.96 23.50 24.68 27.40 28.22 20.89 25.51 29.19 28.71 29.45
18.46 16.00 18.42 17.73 11.49 14.41 16.08 18.79 22.40 24.21 26.43 23.65 25.94 22.37 24.31 22.66 19.36 19.34 19.47 16.82 12.19 15.10 14.69 10.77 10.20 11.45 10.14 5.81 7.39 6.91 9.28 9.90 6.10 8.02 7.22 5.27 4.42 4.36 2.46 0.00 2.47 4.32 4.34 5.16 7.34 8.27 8.91 10.89 13.19 14.45 15.07 17.72 18.58 19.55 21.68 25.14 26.56 21.63 23.90 26.46 26.74 20.44 25.17 28.39 27.61 28.11
14.85 13.28 16.03 15.48 8.78 12.93 14.77 17.52 20.93 22.19 24.52 22.36 24.87 21.62 24.11 22.23 18.43 19.31 19.78 16.81 12.41 15.68 15.73 10.36 11.31 12.97 12.02 7.35 9.57 9.43 11.84 12.68 8.95 10.84 9.85 7.21 4.87 4.44 4.38 2.47 0.00 2.46 4.34 3.46 2.90 7.28 8.90 8.42 11.32 13.19 14.23 16.06 16.72 18.50 20.75 24.07 25.32 20.30 22.16 24.55 24.55 17.52 22.83 25.79 24.70 25.37
11.27 11.28 11.72 9.05 5.34 8.02 8.49 11.16 14.43 16.24 18.85 17.16 20.20 19.12 20.92 17.95 15.57 16.32 16.12 12.46 10.21 12.46 11.86 6.06 8.56 10.28 8.33 4.08 8.27 10.03 12.57 12.16 8.26 12.04 11.76 7.76 7.27 5.07 4.39 4.32 2.46 0.00 2.45 4.42 4.46 4.29 7.20 8.78 9.77 11.19 13.12 14.84 13.86 16.40 18.89 22.11 23.69 19.32 19.56 22.72 23.46 14.89 19.67 23.61 23.34 24.50
14.84 12.30 14.14 13.76 7.71 9.51 11.99 14.62 18.16 19.82 21.84 18.86 20.95 16.52 18.00 17.18 14.16 12.94 13.43 11.96 5.14 8.50 9.52 6.87 3.91 6.28 7.42 4.28 4.81 4.94 8.39 9.60 7.62 10.41 10.92 9.09 8.88 7.23 5.04 4.34 4.34 2.45 0.00 2.47 4.43 4.04 3.68 7.33 8.98 9.30 10.07 13.44 13.90 14.19 16.01 19.48 21.18 16.75 19.35 21.95 22.76 16.67 20.75 24.32 24.08 24.53
14.32 10.70 14.01 14.60 7.85 10.47 13.23 15.73 19.08 20.31 22.26 19.67 21.81 17.36 20.39 19.01 14.76 15.43 16.23 13.87 8.08 12.10 13.06 8.72 7.97 10.81 11.32 6.92 8.90 8.65 12.03 13.31 10.58 13.01 12.61 11.10 9.04 8.54 7.30 5.16 3.46 4.42 2.47 0.00 2.46 4.39 4.35 5.04 7.43 8.97 9.15 11.69 13.32 14.07 16.07 19.50 20.56 15.53 17.98 20.60 20.61 15.34 19.79 22.66 21.91 22.20
9.84 7.39 10.47 10.57 3.87 8.09 10.44 12.97 16.09 16.88 19.16 17.27 19.65 16.07 19.25 17.67 13.02 14.79 15.76 12.95 8.52 12.58 13.79 7.64 9.26 12.46 12.73 8.66 11.23 11.46 14.82 15.92 12.73 15.54 15.29 11.43 9.51 7.38 8.95 7.34 2.90 4.46 4.43 2.46 0.00 2.46 4.34 3.97 5.26 7.45 9.02 10.11 10.83 12.73 15.04 18.22 19.43 14.67 16.04 18.40 18.59 11.89 16.82 19.81 19.06 19.66
10.90 7.72 9.31 9.79 4.08 4.23 7.55 9.81 13.44 15.11 16.88 13.60 15.64 12.51 14.19 12.53 9.11 9.40 9.93 7.42 3.63 6.34 7.57 2.99 4.51 7.60 7.07 3.50 7.71 10.08 12.85 11.74 9.26 13.89 14.90 11.54 12.40 9.95 7.62 8.27 7.28 4.29 4.04 4.39 2.46 0.00 2.44 4.36 4.48 5.23 7.44 9.24 8.81 10.33 12.85 16.02 17.76 13.81 14.49 17.10 18.19 12.04 15.66 19.40 19.48 20.03
12.60 8.53 10.87 11.92 6.17 6.73 10.64 12.10 15.69 16.70 18.39 15.59 17.46 12.41 15.89 14.94 10.20 11.06 12.37 10.59 4.02 9.00 10.74 7.46 5.20 9.54 11.13 8.50 9.33 8.90 12.56 14.11 12.28 15.09 15.62 14.74 13.92 12.96 10.78 8.91 8.90 7.20 3.68 4.35 4.34 2.44 0.00 2.46 4.35 4.54 5.22 7.65 9.01 9.26 11.24 14.71 16.23 11.56 13.82 16.53 17.22 12.98 16.30 19.53 19.57 19.64
10.37 5.84 10.27 12.03 5.88 8.31 11.99 12.86 16.46 16.24 18.12 16.19 17.93 12.66 16.76 16.14 10.66 12.42 13.95 12.46 6.23 11.22 13.26 9.78 8.53 12.99 14.34 11.34 13.21 13.14 16.79 18.19 15.67 18.72 18.51 16.57 14.15 13.25 13.05 10.89 8.42 8.78 7.33 5.04 3.97 4.36 2.46 0.00 2.47 4.31 4.48 5.63 7.58 8.87 10.69 13.92 14.66 9.65 11.89 14.52 14.40 9.90 14.21 16.76 16.09 16.27
7.85 4.00 5.69 7.34 3.71 4.96 7.76 8.24 11.62 11.75 13.66 11.79 13.98 10.30 14.01 12.81 7.55 10.12 11.80 9.23 6.89 10.39 12.20 7.64 9.64 13.53 14.18 11.25 14.73 15.32 18.88 18.86 16.96 20.65 20.92 18.34 17.36 15.61 14.39 13.19 11.32 9.77 8.98 7.43 5.26 4.48 4.35 2.47 0.00 2.46 4.40 4.83 4.83 6.82 9.23 12.13 13.35 9.58 9.82 12.24 13.13 7.86 11.12 14.44 14.55 15.01
10.82 6.39 8.08 10.01 6.61 5.37 9.75 9.13 13.05 13.12 14.57 10.98 11.05 5.32 8.32 8.77 4.40 3.70 6.41 7.45 3.34 4.31 9.16 8.83 6.84 11.31 13.23 11.84 13.15 14.23 17.63 17.36 16.52 20.45 21.43 19.51 18.98 17.21 15.44 14.45 13.19 11.19 9.30 8.97 7.45 5.23 4.54 4.31 2.46 0.00 2.49 4.29 4.38 3.90 6.23 9.05 11.59 8.37 9.17 11.89 13.28 9.61 11.91 15.43 15.84 16.18
12.86 7.29 10.34 12.56 8.95 8.07 12.58 11.58 15.41 14.90 16.34 13.96 14.82 8.54 13.30 13.73 7.69 9.78 11.87 11.70 6.33 10.40 13.24 11.79 9.57 14.29 16.19 14.28 15.40 15.43 19.08 20.33 18.84 21.86 22.11 21.19 19.71 18.95 17.15 15.07 14.23 13.12 10.07 9.15 9.02 7.44 5.22 4.48 4.40 2.49 0.00 2.46 4.54 4.79 5.97 9.29 9.90 4.70 8.35 11.24 11.14 9.70 12.54 15.03 15.10 14.28
9.77 3.62 7.46 11.07 9.03 8.84 12.90 11.25 14.26 11.81 13.51 13.14 13.98 8.25 13.51 14.25 8.03 10.81 13.26 12.88 8.94 12.71 15.39 13.18 12.25 16.85 18.62 16.37 18.41 18.68 22.29 22.83 21.29 24.80 25.20 23.24 22.14 20.62 19.22 17.72 16.06 14.84 13.44 11.69 10.11 9.24 7.65 5.63 4.83 4.29 2.46 0.00 2.46 4.44 5.44 7.84 8.37 4.11 4.79 6.92 6.99 3.52 6.53 9.04 9.18 9.28
7.69 3.82 3.53 6.31 7.16 4.44 7.66 5.28 8.51 7.55 9.13 7.78 9.70 5.23 9.71 9.84 3.87 7.35 9.97 8.41 7.99 10.93 11.70 9.24 12.24 15.91 16.07 14.49 18.31 19.83 23.20 21.26 20.55 25.14 25.98 22.62 22.58 20.09 18.75 18.58 16.72 13.86 13.90 13.32 10.83 8.81 9.01 7.58 4.83 4.38 4.54 2.46 0.00 2.46 4.51 6.50 7.96 5.31 4.13 7.01 8.61 4.13 5.15 9.46 10.57 11.74
13.14 8.00 8.17 12.07 11.28 6.91 12.24 9.45 13.06 12.06 12.98 10.54 10.42 3.32 8.61 9.80 4.53 6.54 9.17 10.30 7.50 8.93 12.93 12.47 11.46 15.50 17.61 16.52 17.82 19.13 22.41 21.53 21.54 25.60 26.58 24.56 24.22 22.45 20.48 19.55 18.50 16.40 14.19 14.07 12.73 10.33 9.26 8.87 6.82 3.90 4.79 4.44 2.46 0.00 2.46 5.49 7.72 6.10 5.60 8.41 10.26 8.64 9.77 13.17 14.33 14.64
15.30 9.84 9.57 14.64 13.86 9.61 14.99 11.87 15.26 13.77 14.44 12.28 11.27 4.15 9.81 11.43 6.78 8.10 11.37 12.65 9.94 10.66 15.36 15.23 13.67 17.84 20.00 19.07 19.84 21.06 24.41 23.92 23.81 27.64 28.59 26.96 26.44 24.89 22.87 21.68 20.75 18.89 16.01 16.07 15.04 12.85 11.24 10.69 9.23 6.23 5.97 5.44 4.51 2.46 0.00 2.44 2.89 3.78 5.08 7.23 8.45 9.20 10.17 12.95 14.19 13.28
16.45 11.76 8.81 16.22 16.61 11.83 16.98 13.13 15.67 13.17 13.04 12.03 9.96 4.73 9.65 11.87 8.10 9.46 13.02 14.57 12.77 12.85 17.62 17.77 16.91 20.82 22.95 22.15 23.11 24.49 27.77 26.79 27.06 31.05 32.07 30.28 29.84 28.16 26.19 25.14 24.07 22.11 19.48 19.50 18.22 16.02 14.71 13.92 12.13 9.05 9.29 7.84 6.50 5.49 2.44 0.00 2.48 4.53 4.31 5.12 7.38 8.95 7.96 10.95 13.09 13.06
17.05 12.15 9.97 17.43 17.81 13.93 18.80 14.99 17.47 14.70 14.90 14.21 12.55 7.15 12.33 14.42 10.12 12.24 15.76 17.16 15.21 15.51 20.09 19.81 19.17 23.28 25.37 24.21 25.34 26.33 29.79 29.30 29.21 33.04 33.65 32.04 31.15 29.68 27.96 26.56 25.32 23.69 21.18 20.56 19.43 17.76 16.23 14.66 13.35 11.59 9.90 8.37 7.96 7.72 2.89 2.48 0.00 2.45 4.31 4.62 5.32 7.42 8.67 9.21 11.43 10.17
14.25 8.29 9.08 15.17 14.05 12.28 16.83 14.07 16.97 14.10 15.11 14.76 13.89 8.36 13.77 15.50 10.23 12.82 15.77 16.20 12.57 14.51 18.96 17.50 15.81 20.51 22.58 20.82 21.50 21.99 25.58 26.64 25.35 28.51 28.86 27.50 26.11 25.00 23.50 21.63 20.30 19.32 16.75 15.53 14.67 13.81 11.56 9.65 9.58 8.37 4.70 4.11 5.31 6.10 3.78 4.53 2.45 0.00 2.46 4.35 4.40 5.04 7.21 8.81 9.65 9.00
11.33 7.63 2.92 10.28 12.48 8.66 11.67 7.00 7.50 5.02 4.65 4.05 4.47 3.89 6.69 7.44 3.18 8.05 10.45 10.73 11.68 13.85 12.80 14.18 16.78 19.68 20.03 20.00 23.23 24.62 27.95 24.92 25.77 30.52 31.40 28.63 28.21 26.17 24.68 23.90 22.16 19.56 19.35 17.98 16.04 14.49 13.82 11.89 9.82 9.17 8.35 4.79 4.13 5.60 5.08 4.31 4.31 2.46 0.00 2.47 4.34 4.27 3.58 7.19 8.78 9.32
13.35 9.67 6.39 14.47 15.98 12.98 16.81 13.05 14.58 11.25 11.89 11.97 11.79 7.83 12.99 14.55 8.99 13.55 16.38 16.52 15.67 17.83 19.38 18.58 19.92 23.88 25.09 23.62 26.52 27.36 30.81 29.69 29.22 33.37 34.02 31.37 30.64 28.63 27.40 26.46 24.55 22.72 21.95 20.60 18.40 17.10 16.53 14.52 12.24 11.89 11.24 6.92 7.01 8.41 7.23 5.12 4.62 4.35 2.47 0.00 2.46 4.38 4.37 5.15 7.35 7.88
13.74 9.91 8.28 15.74 16.74 14.98 18.53 15.18 16.57 12.89 13.97 14.40 14.71 10.57 15.93 17.31 11.54 16.04 18.89 18.76 17.65 19.96 21.78 20.28 21.52 25.71 26.97 25.04 27.97 28.33 31.96 31.57 30.61 34.31 34.48 32.10 30.66 29.04 28.22 26.74 24.55 23.46 22.76 20.61 18.59 18.19 17.22 14.40 13.13 13.28 11.14 6.99 8.61 10.26 8.45 7.38 5.32 4.40 4.34 2.46 0.00 2.45 4.37 4.56 5.23 4.52
3.76 3.40 3.87 7.26 8.21 9.46 11.25 9.75 10.95 7.83 10.26 11.23 13.03 10.49 14.91 14.72 8.87 13.54 16.10 13.90 14.05 16.92 16.92 13.41 17.57 21.13 20.52 17.77 22.42 23.74 27.12 26.10 24.09 28.19 28.30 24.37 23.50 21.02 20.89 20.44 17.52 14.89 16.67 15.34 11.89 12.04 12.98 9.90 7.86 9.61 9.70 3.52 4.13 8.64 9.20 8.95 7.42 5.04 4.27 4.38 2.45 0.00 2.46 4.29 4.43 4.85
8.80 7.83 2.65 10.18 12.26 11.21 13.37 9.96 10.29 6.34 7.91 8.70 10.06 8.34 12.62 12.52 7.75 13.22 15.83 14.53 15.20 17.92 17.14 15.95 19.56 23.00 22.83 21.36 25.49 26.97 30.31 28.31 27.67 32.20 32.83 29.26 28.86 26.35 25.51 25.17 22.83 19.67 20.75 19.79 16.82 15.66 16.30 14.21 11.12 11.91 12.54 6.53 5.15 9.77 10.17 7.96 8.67 7.21 3.58 4.37 4.37 2.46 0.00 2.48 4.28 5.95
11.81 10.40 7.89 14.61 16.45 16.04 18.24 15.19 15.27 10.77 12.57 13.91 15.59 13.10 17.92 17.96 12.79 18.04 20.75 19.64 19.65 22.55 22.38 20.68 23.64 27.50 27.69 25.74 29.62 30.62 34.13 33.00 31.84 35.98 36.26 32.90 31.91 29.68 29.19 28.39 25.79 23.61 24.32 22.66 19.81 19.40 19.53 16.76 14.44 15.43 15.03 9.04 9.46 13.17 12.95 10.95 9.21 8.81 7.19 5.15 4.56 4.29 2.48 0.00 2.48 4.00
11.61 10.21 9.70 14.83 16.59 17.12 19.02 16.56 16.79 12.32 14.57 16.01 17.87 15.14 20.07 20.11 14.61 19.66 22.36 20.92 20.66 23.65 23.83 21.31 24.22 28.22 28.41 25.99 29.91 30.65 34.24 33.69 31.99 35.71 35.59 32.23 30.74 28.73 28.71 27.61 24.70 23.34 24.08 21.91 19.06 19.48 19.57 16.09 14.55 15.84 15.10 9.18 10.57 14.33 14.19 13.09 11.43 9.65 8.78 7.35 5.23 4.43 4.28 2.48 0.00 2.47
13.46 10.88 11.52 16.93 17.54 18.29 20.65 18.28 19.04 14.78 16.89 18.07 19.57 15.94 21.17 21.95 15.93 20.62 23.40 22.28 21.15 24.42 25.39 22.58 24.61 28.88 29.60 26.98 30.38 30.80 34.43 34.53 32.61 36.17 36.05 33.08 31.44 29.65 29.45 28.11 25.37 24.50 24.53 22.20 19.66 20.03 19.64 16.27 15.01 16.18 14.28 9.28 11.74 14.64 13.28 13.06 10.17 9.00 9.32 7.88 4.52 4.85 5.95 4.00 2.47 0.00
