0.00 1.34 3.37 5.44 4.39 6.09 9.29 10.81 11.68 9.20 9.16 5.86 9.77 11.37 14.21 14.54 17.45 15.51 11.47 16.08 18.14 14.90 16.09 18.84 19.89 16.05 19.63 22.44 20.59 18.37 23.97 25.56 28.87 28.55 25.90 28.08 24.57 21.77 20.04 20.70 19.41 16.28 16.34 17.31 14.70 12.29 13.90 14.73 11.64 10.21 12.30 13.52 9.10 7.32 12.81 12.92 13.03 12.71 9.76 8.03 9.38 8.05 3.47 5.02 6.65 5.45 3.43 2.83 4.96
1.34 0.00 1.34 3.21 3.01 2.69 4.99 6.82 7.46 6.06 7.46 3.84 8.50 10.28 13.26 14.61 16.02 13.25 10.48 14.03 15.17 11.58 12.96 15.73 16.04 12.02 16.03 18.77 16.19 14.21 20.25 22.48 25.39 24.57 21.70 25.21 22.00 19.95 17.15 17.60 17.64 14.53 12.98 14.78 13.60 10.22 11.07 12.86 11.05 7.97 10.59 12.93 10.11 6.79 12.59 14.27 15.02 14.91 11.86 10.22 11.61 10.55 3.82 7.31 9.45 9.14 7.20 7.54 10.60
3.37 1.34 0.00 1.34 3.34 3.25 2.87 5.07 6.67 7.60 9.57 7.26 11.29 11.71 14.32 15.33 16.33 13.25 10.85 13.70 14.42 10.98 11.67 14.21 14.27 10.06 13.73 16.52 14.67 11.58 17.46 19.49 22.45 21.93 19.05 22.06 18.79 16.68 13.99 14.43 14.36 11.22 9.84 11.77 10.59 7.29 8.26 10.15 8.87 5.79 8.86 11.39 8.94 6.62 12.10 14.12 15.59 15.32 11.94 10.89 12.83 11.54 3.21 8.49 11.11 8.97 7.27 2.79 7.30
5.44 3.21 1.34 0.00 1.33 3.38 3.62 3.24 5.19 5.24 7.92 7.94 10.16 8.96 10.98 11.73 12.82 9.89 7.22 10.06 11.21 7.92 8.50 11.13 12.05 8.22 11.58 14.39 13.52 11.02 16.18 18.27 21.29 20.67 18.49 21.87 19.00 16.54 14.70 14.27 13.28 10.44 9.41 10.38 7.94 5.28 6.64 7.76 5.07 3.72 6.04 7.60 3.25 3.69 8.53 9.79 11.59 10.82 7.26 7.68 9.63 8.34 3.01 7.53 10.06 8.92 5.95 3.50 7.47
4.39 3.01 3.34 1.33 0.00 1.34 3.40 3.33 2.89 2.99 3.70 3.60 5.25 5.27 7.44 8.04 10.55 8.79 4.76 9.78 10.62 6.95 8.72 11.54 11.32 7.87 12.20 14.75 11.89 11.03 16.92 19.66 22.30 20.70 18.37 22.53 19.94 18.75 15.60 15.47 16.21 13.42 10.99 12.77 11.80 8.37 8.80 10.56 8.86 5.58 7.84 10.22 7.44 3.46 8.13 8.15 8.22 9.60 7.51 2.96 6.43 8.30 3.85 2.61 7.79 9.82 8.76 8.45 12.39
6.09 2.69 3.25 3.38 1.34 0.00 1.34 3.34 3.05 4.47 6.70 6.23 9.57 9.19 12.34 13.90 14.40 11.23 9.40 12.36 11.99 8.51 9.88 12.32 11.15 7.00 11.61 14.06 10.27 8.51 15.40 18.27 20.72 19.18 16.04 20.18 17.12 16.19 12.85 13.30 14.40 11.65 9.30 11.38 11.70 8.14 8.36 10.67 10.75 7.19 9.74 12.40 11.07 6.45 12.32 14.80 16.25 16.87 13.68 10.44 14.37 14.44 6.68 9.79 13.97 13.74 11.58 9.51 14.29
9.29 4.99 2.87 3.62 3.40 1.34 0.00 1.34 3.30 5.86 8.79 9.68 12.18 10.87 12.92 13.42 13.53 10.25 8.92 11.06 10.10 6.88 7.46 9.51 8.37 4.09 8.25 10.83 8.82 6.03 12.11 14.53 17.44 16.22 13.52 17.40 14.50 12.77 10.08 9.79 9.93 7.17 5.01 7.06 6.69 3.77 3.68 5.96 6.94 4.14 6.76 9.51 8.50 7.27 11.93 14.49 17.12 17.17 13.63 12.52 15.73 14.69 6.76 11.88 15.58 14.24 11.36 5.80 12.51
10.81 6.82 5.07 3.24 3.33 3.34 1.34 0.00 1.33 3.37 6.98 9.21 10.91 7.86 8.41 8.26 9.32 6.68 3.87 6.21 6.89 3.52 3.93 6.40 6.74 4.05 6.99 9.75 7.97 8.05 12.17 14.37 17.29 16.35 14.93 18.68 16.78 15.74 12.69 11.71 12.16 10.41 7.30 7.71 8.41 5.96 3.67 5.67 7.10 4.03 4.25 6.71 7.63 3.80 6.85 9.65 12.24 14.13 11.76 9.06 12.83 14.39 9.10 10.66 15.37 16.50 14.21 10.75 16.39
11.68 7.46 6.67 5.19 2.89 3.05 3.30 1.33 0.00 1.33 4.54 7.56 9.59 7.30 10.26 11.92 10.91 7.51 8.12 10.06 8.66 5.42 7.31 9.88 8.09 5.40 10.08 12.44 8.66 8.69 14.68 17.77 20.14 18.08 15.79 20.30 17.87 17.33 14.01 13.73 15.01 12.70 9.70 11.72 12.43 9.46 7.97 10.45 11.42 7.81 9.54 12.36 12.96 7.72 12.57 15.33 17.47 19.10 16.26 10.96 16.84 17.80 10.72 12.95 17.70 18.55 16.30 12.97 18.64
9.20 6.06 7.60 5.24 2.99 4.47 5.86 3.37 1.33 0.00 1.34 3.82 6.09 3.86 6.67 8.31 7.61 4.23 4.45 6.72 6.49 3.30 6.21 8.90 8.04 7.59 11.30 13.33 10.54 11.35 16.82 19.83 22.18 19.07 18.19 22.90 20.62 20.16 16.84 16.48 17.68 15.38 12.37 13.82 14.01 10.90 9.49 11.64 11.32 8.04 8.78 11.05 10.39 5.16 9.48 12.04 13.62 15.41 13.31 7.09 13.19 15.09 9.36 9.70 14.60 16.26 14.56 13.59 17.85
9.16 7.46 9.57 7.92 3.70 6.70 8.79 6.98 4.54 1.34 0.00 1.33 3.10 2.91 5.98 8.68 10.00 5.45 5.97 10.00 10.44 7.64 10.61 13.27 10.47 11.16 15.35 17.48 13.50 15.01 20.57 23.64 26.02 22.81 21.73 26.55 24.23 23.70 20.40 20.10 21.17 18.75 15.87 17.44 17.56 14.30 13.26 15.23 14.12 10.84 11.96 13.91 11.90 7.18 11.21 13.01 13.44 15.20 13.41 5.15 12.30 14.37 9.50 8.24 13.23 15.35 14.47 15.00 18.18
5.86 3.84 7.26 7.94 3.60 6.23 9.68 9.21 7.56 3.82 1.33 0.00 1.34 3.26 6.36 8.50 10.83 7.75 6.31 11.48 13.39 10.45 12.90 15.76 14.78 13.74 17.80 20.16 16.89 17.41 23.03 25.76 28.42 26.14 24.52 28.97 26.45 25.26 22.14 21.99 22.57 19.84 17.41 18.80 18.28 14.93 14.44 16.02 14.36 11.17 12.59 13.93 10.89 6.94 10.72 11.14 10.78 12.77 11.23 2.98 9.19 10.99 7.30 4.88 8.75 10.94 10.84 12.38 15.02
9.77 8.50 11.29 10.16 5.25 9.57 12.18 10.91 9.59 6.09 3.10 1.34 0.00 1.34 3.55 6.79 8.79 4.59 6.62 10.75 12.19 10.87 13.20 15.36 14.56 15.56 18.89 20.97 18.67 19.55 24.57 27.21 29.82 26.73 26.53 31.01 28.75 27.56 24.50 24.09 24.59 22.04 19.48 20.52 20.07 16.79 15.88 17.48 16.05 12.80 13.46 15.63 12.90 8.86 11.89 12.79 12.39 14.39 13.46 4.17 10.85 13.71 10.24 7.23 12.13 14.56 14.57 15.86 18.55
11.37 10.28 11.71 8.96 5.27 9.19 10.87 7.86 7.30 3.86 2.91 3.26 1.34 0.00 1.33 4.05 6.17 3.32 3.80 7.49 8.79 7.17 9.50 12.05 11.44 12.06 15.20 17.26 15.39 16.52 20.91 23.59 26.15 23.07 23.07 27.60 25.93 25.11 22.09 21.12 21.83 19.73 16.74 17.42 17.57 14.59 12.80 14.62 14.03 10.60 10.35 12.98 10.45 6.87 8.96 10.16 9.81 11.99 11.80 2.80 9.98 13.03 10.88 7.77 13.37 15.88 15.90 16.68 19.44
14.21 13.26 14.32 10.98 7.44 12.34 12.92 8.41 10.26 6.67 5.98 6.36 3.55 1.33 0.00 1.33 3.09 2.85 2.97 5.01 6.66 7.60 8.95 9.56 11.69 13.03 14.90 16.43 16.68 17.69 20.75 23.05 25.62 22.35 23.68 27.89 26.79 26.08 23.36 21.76 22.29 20.65 17.59 17.46 17.80 15.33 12.79 13.99 13.93 10.63 8.31 12.03 10.85 6.77 8.09 9.77 9.63 12.36 12.89 4.46 11.63 14.74 12.83 9.99 15.60 18.11 18.16 18.55 21.23
14.54 14.61 15.33 11.73 8.04 13.90 13.42 8.26 11.92 8.31 8.68 8.50 6.79 4.05 1.33 0.00 1.34 3.42 3.59 3.01 5.04 7.01 7.86 7.11 11.01 12.52 13.23 14.62 16.80 17.15 18.81 21.03 23.63 20.66 22.73 26.49 25.65 25.12 22.73 20.66 20.99 19.80 16.79 16.00 16.54 14.63 11.59 12.31 12.88 10.00 5.65 10.29 8.27 4.61 5.34 6.57 5.03 8.55 9.83 3.39 8.89 11.81 11.68 8.98 13.94 16.27 16.50 17.35 19.49
17.45 16.02 16.33 12.82 10.55 14.40 13.53 9.32 10.91 7.61 10.00 10.83 8.79 6.17 3.09 1.34 0.00 1.33 3.44 3.58 3.00 5.13 7.14 4.95 8.65 11.09 12.49 12.44 14.66 16.33 18.01 20.54 22.70 18.51 21.19 25.46 25.18 25.05 22.43 20.36 21.28 20.28 16.95 16.07 17.71 15.82 12.63 14.07 14.97 11.97 7.46 12.49 11.87 7.82 8.15 9.97 10.07 13.35 14.33 7.04 13.89 16.67 15.13 13.13 18.41 20.70 20.44 20.66 23.23
15.51 13.25 13.25 9.89 8.79 11.23 10.25 6.68 7.51 4.23 5.45 7.75 4.59 3.32 2.85 3.42 1.33 0.00 1.34 3.35 3.12 2.82 4.94 6.77 7.13 8.87 10.68 11.93 12.02 13.56 16.46 19.19 21.44 17.68 19.05 23.55 22.75 22.56 19.71 18.01 19.08 17.75 14.36 14.52 15.67 13.41 10.56 12.58 13.46 10.44 7.36 11.68 11.87 8.48 9.27 11.52 12.46 15.34 15.10 7.38 14.66 17.51 13.94 12.26 17.81 20.27 19.44 18.29 22.15
11.47 10.48 10.85 7.22 4.76 9.40 8.92 3.87 8.12 4.45 5.97 6.31 6.62 3.80 2.97 3.59 3.44 1.34 0.00 1.34 3.33 3.24 2.92 4.97 6.85 7.68 8.75 10.68 12.15 12.09 14.58 16.85 19.45 16.92 17.89 21.78 20.80 20.32 17.77 15.82 16.47 15.24 12.01 11.68 12.63 10.30 7.55 8.79 8.86 5.68 4.08 7.05 6.93 3.77 4.68 7.25 8.53 10.62 9.79 3.30 9.46 11.98 9.16 8.06 13.09 15.17 14.62 14.41 17.47
16.08 14.03 13.70 10.06 9.78 12.36 11.06 6.21 10.06 6.72 10.00 11.48 10.75 7.49 5.01 3.01 3.58 3.35 1.34 0.00 1.33 3.46 4.01 3.11 5.43 7.48 7.80 8.64 11.23 12.61 13.18 15.72 17.96 14.64 17.28 21.02 20.88 20.94 18.65 16.17 17.03 16.52 13.25 11.31 14.03 12.46 9.19 10.34 11.55 8.81 3.73 9.16 10.10 7.08 6.59 9.34 11.40 14.13 13.79 8.44 14.32 16.75 13.71 13.59 18.43 20.26 18.93 17.70 21.33
18.14 15.17 14.42 11.21 10.62 11.99 10.10 6.89 8.66 6.49 10.44 13.39 12.19 8.79 6.66 5.04 3.00 3.12 3.33 1.33 0.00 1.33 3.47 3.47 3.14 5.33 7.13 7.15 8.86 10.93 12.53 15.48 17.28 12.90 15.12 19.65 19.49 20.04 17.35 15.23 16.79 16.18 12.64 11.46 14.71 13.17 9.96 11.58 13.56 11.06 6.09 11.27 12.80 9.93 9.21 12.10 14.14 16.95 16.58 10.87 17.13 19.57 16.12 16.06 21.04 22.87 21.40 19.37 23.74
14.90 11.58 10.98 7.92 6.95 8.51 6.88 3.52 5.42 3.30 7.64 10.45 10.87 7.17 7.60 7.01 5.13 2.82 3.24 3.46 1.33 0.00 1.34 3.33 3.03 2.93 4.97 6.75 7.21 7.94 10.61 13.67 15.81 12.83 13.16 17.57 16.84 17.02 14.22 12.32 13.86 12.97 9.40 9.49 11.79 10.22 6.81 8.92 11.17 9.09 6.67 10.46 12.30 8.22 10.48 13.19 15.43 17.74 16.20 10.81 16.65 18.79 13.41 14.14 19.26 20.87 18.95 16.38 21.31
16.09 12.96 11.67 8.50 8.72 9.88 7.46 3.93 7.31 6.21 10.61 12.90 13.20 9.50 8.95 7.86 7.14 4.94 2.92 4.01 3.47 1.34 0.00 1.34 3.28 3.15 2.77 4.76 6.64 7.32 8.39 9.56 12.82 11.56 12.31 15.85 15.06 14.58 12.95 10.23 10.11 9.81 7.23 4.51 6.90 6.85 3.44 3.37 5.94 6.37 3.44 6.45 8.96 8.20 7.72 10.82 13.85 16.22 13.19 11.89 16.20 18.08 13.73 15.09 19.69 20.67 17.99 14.54 19.49
18.84 15.73 14.21 11.13 11.54 12.32 9.51 6.40 9.88 8.90 13.27 15.76 15.36 12.05 9.56 7.11 4.95 6.77 4.97 3.11 3.47 3.33 1.34 0.00 1.34 3.46 3.68 3.06 5.11 7.19 7.90 10.75 12.30 8.58 11.25 15.13 15.78 16.67 14.50 11.79 13.56 13.79 10.45 7.42 11.91 11.02 7.69 8.77 11.00 10.04 6.24 10.18 12.50 11.15 10.25 13.51 15.58 18.89 17.00 13.88 19.07 21.09 16.62 17.82 22.60 23.86 21.44 18.30 23.31
19.89 16.04 14.27 12.05 11.32 11.15 8.37 6.74 8.09 8.04 10.47 14.78 14.56 11.44 11.69 11.01 8.65 7.13 6.85 5.43 3.14 3.03 3.28 1.34 0.00 1.33 3.44 3.53 3.12 5.19 7.05 10.55 12.09 8.44 8.77 13.58 13.44 14.92 12.28 10.19 12.20 12.60 9.24 7.92 11.49 11.32 7.62 10.00 12.75 11.86 8.95 12.73 14.99 12.89 13.00 16.19 18.99 21.50 19.72 15.93 21.30 23.32 18.16 19.49 24.41 25.61 23.17 19.02 24.93
16.05 12.02 10.06 8.22 7.87 7.00 4.09 4.05 5.40 7.59 11.16 13.74 15.56 12.06 13.03 12.52 11.09 8.87 7.68 7.48 5.33 2.93 3.15 3.46 1.33 0.00 1.33 3.33 3.11 2.90 4.68 8.04 10.13 8.57 7.62 11.43 11.05 11.75 9.35 6.91 8.97 9.35 5.93 4.80 8.21 7.71 4.09 6.92 9.61 8.48 8.13 11.05 13.12 10.34 13.09 15.84 18.85 20.94 18.19 15.18 19.70 20.83 14.22 16.88 21.57 22.04 19.47 15.11 21.22
19.63 16.03 13.73 11.58 12.20 11.61 8.25 6.99 10.08 11.30 15.35 17.80 18.89 15.20 14.90 13.23 12.49 10.68 8.75 7.80 7.13 4.97 2.77 3.68 3.44 1.33 0.00 1.34 3.38 3.71 3.04 5.77 7.57 6.71 7.92 10.43 11.16 12.33 10.85 7.66 9.23 10.17 6.99 3.62 8.17 9.03 5.46 6.20 9.77 10.35 8.12 10.80 13.47 12.90 12.56 15.78 19.07 21.35 17.52 17.56 21.57 22.91 17.32 19.82 24.33 24.66 21.89 17.46 23.30
22.44 18.77 16.52 14.39 14.75 14.06 10.83 9.75 12.44 13.33 17.48 20.16 20.97 17.26 16.43 14.62 12.44 11.93 10.68 8.64 7.15 6.75 4.76 3.06 3.53 3.33 1.34 0.00 1.34 3.53 4.06 6.99 7.46 3.64 5.89 9.72 11.16 13.59 11.69 8.72 10.64 12.14 9.26 5.42 10.35 11.69 8.23 9.01 12.56 13.21 10.96 13.83 16.42 15.61 15.36 18.59 21.77 24.13 20.69 19.77 24.12 25.65 20.18 22.51 27.09 27.51 24.74 20.27 26.12
20.59 16.19 14.67 13.52 11.89 10.27 8.82 7.97 8.66 10.54 13.50 16.89 18.67 15.39 16.68 16.80 14.66 12.02 12.15 11.23 8.86 7.21 6.64 5.11 3.12 3.11 3.38 1.34 0.00 1.33 3.42 6.64 7.65 4.91 2.79 7.57 7.72 10.59 8.60 5.46 7.99 10.16 7.67 6.42 9.97 11.71 8.79 10.63 13.93 13.90 12.87 15.75 18.20 15.82 17.57 20.69 23.82 26.10 22.79 19.46 25.12 26.40 19.29 21.79 26.63 27.28 24.81 19.92 26.41
18.37 14.21 11.58 11.02 11.03 8.51 6.03 8.05 8.69 11.35 15.01 17.41 19.55 16.52 17.69 17.15 16.33 13.56 12.09 12.61 10.93 7.94 7.32 7.19 5.19 2.90 3.71 3.53 1.33 0.00 1.33 3.42 5.96 6.05 4.88 6.98 6.66 7.93 5.24 3.50 4.81 6.73 3.59 3.58 6.54 8.05 5.45 8.20 10.84 10.65 11.35 13.78 15.83 13.82 16.72 19.35 22.49 24.21 20.76 19.37 23.13 23.52 16.15 20.18 24.42 24.00 21.18 15.70 22.39
23.97 20.25 17.46 16.18 16.92 15.40 12.11 12.17 14.68 16.82 20.57 23.03 24.57 20.91 20.75 18.81 18.01 16.46 14.58 13.18 12.53 10.61 8.39 7.90 7.05 4.68 3.04 4.06 3.42 1.33 0.00 1.35 3.08 2.95 3.08 5.08 6.88 9.50 8.91 5.65 6.77 9.06 7.80 4.24 8.51 10.85 8.99 9.07 12.91 14.47 13.05 14.27 18.17 18.02 17.37 20.77 24.16 26.34 21.27 23.26 26.62 27.38 21.33 24.87 29.03 28.61 25.61 20.29 26.46
25.56 22.48 19.49 18.27 19.66 18.27 14.53 14.37 17.77 19.83 23.64 25.76 27.21 23.59 23.05 21.03 20.54 19.19 16.85 15.72 15.48 13.67 9.56 10.75 10.55 8.04 5.77 6.99 6.64 3.42 1.35 0.00 1.33 3.37 3.78 3.68 5.83 8.65 9.28 6.31 6.16 8.83 9.20 4.90 8.36 11.19 10.81 8.84 12.98 15.18 14.37 14.36 18.59 19.80 18.71 22.01 25.47 27.38 21.67 24.96 27.64 28.16 22.81 26.53 30.28 29.48 26.38 21.11 26.82
28.87 25.39 22.45 21.29 22.30 20.72 17.44 17.29 20.14 22.18 26.02 28.42 29.82 26.15 25.62 23.63 22.70 21.44 19.45 17.96 17.28 15.81 12.82 12.30 12.09 10.13 7.57 7.46 7.65 5.96 3.08 1.33 0.00 1.34 3.72 4.93 7.82 10.55 11.36 8.05 8.72 11.25 12.03 8.14 11.74 14.53 13.88 12.43 16.59 18.69 17.65 17.93 22.13 22.96 21.99 25.33 28.77 30.80 25.24 28.13 31.06 31.70 26.06 29.78 33.69 32.96 29.86 24.43 30.33
28.55 24.57 21.93 20.67 20.70 19.18 16.22 16.35 18.08 19.07 22.81 26.14 26.73 23.07 22.35 20.66 18.51 17.68 16.92 14.64 12.90 12.83 11.56 8.58 8.44 8.57 6.71 3.64 4.91 6.05 2.95 3.37 1.34 0.00 1.33 3.86 6.60 10.05 10.43 6.82 9.16 11.99 11.87 9.11 12.99 15.60 13.90 13.81 17.88 19.45 17.72 19.73 23.04 22.31 21.84 25.19 28.26 30.78 26.84 26.08 30.97 32.33 26.10 29.19 33.75 33.59 30.62 25.17 31.46
25.90 21.70 19.05 18.49 18.37 16.04 13.52 14.93 15.79 18.19 21.73 24.52 26.53 23.07 23.68 22.73 21.19 19.05 17.89 17.28 15.12 13.16 12.31 11.25 8.77 7.62 7.92 5.89 2.79 4.88 3.08 3.78 3.72 1.33 0.00 1.34 3.01 5.87 6.63 3.42 5.06 7.93 8.73 7.73 10.29 12.67 12.30 12.77 16.10 17.71 17.68 18.93 22.11 21.02 22.86 25.79 29.01 31.00 25.93 26.33 30.21 30.74 23.59 27.59 31.86 31.19 28.07 22.05 28.45
28.08 25.21 22.06 21.87 22.53 20.18 17.40 18.68 20.30 22.90 26.55 28.97 31.01 27.60 27.89 26.49 25.46 23.55 21.78 21.02 19.65 17.57 15.85 15.13 13.58 11.43 10.43 9.72 7.57 6.98 5.08 3.68 4.93 3.86 1.34 0.00 1.34 4.07 6.51 5.41 6.29 8.79 10.54 9.92 11.26 14.43 14.92 14.85 18.21 20.02 20.11 20.71 24.05 24.28 25.03 28.15 31.55 33.19 27.88 30.11 32.91 32.80 26.00 30.84 34.49 32.89 29.76 23.53 29.83
24.57 22.00 18.79 19.00 19.94 17.12 14.50 16.78 17.87 20.62 24.23 26.45 28.75 25.93 26.79 25.65 25.18 22.75 20.80 20.88 19.49 16.84 15.06 15.78 13.44 11.05 11.16 11.16 7.72 6.66 6.88 5.83 7.82 6.60 3.01 1.34 0.00 1.34 3.26 3.11 3.18 5.36 7.15 7.83 8.79 11.24 12.54 12.90 15.39 17.04 18.26 18.69 20.95 21.78 23.32 26.15 29.50 30.47 25.43 27.72 30.12 29.57 22.64 27.89 31.21 29.41 26.32 20.02 26.36
21.77 19.95 16.68 16.54 18.75 16.19 12.77 15.74 17.33 20.16 23.70 25.26 27.56 25.11 26.08 25.12 25.05 22.56 20.32 20.94 20.04 17.02 14.58 16.67 14.92 11.75 12.33 13.59 10.59 7.93 9.50 8.65 10.55 10.05 5.87 4.07 1.34 0.00 1.34 3.30 3.14 3.02 5.18 6.85 6.74 9.08 10.93 12.07 13.67 15.17 16.83 17.38 18.69 20.18 22.20 24.79 28.04 28.54 23.67 25.85 28.16 27.19 20.23 25.88 28.84 26.59 23.59 17.19 23.43
20.04 17.15 13.99 14.70 15.60 12.85 10.08 12.69 14.01 16.84 20.40 22.14 24.50 22.09 23.36 22.73 22.43 19.71 17.77 18.65 17.35 14.22 12.95 14.50 12.28 9.35 10.85 11.69 8.60 5.24 8.91 9.28 11.36 10.43 6.63 6.51 3.26 1.34 0.00 1.34 3.40 3.63 3.15 5.12 7.13 7.06 8.97 10.91 12.60 13.43 15.00 16.97 17.47 17.73 20.69 23.16 26.32 27.04 22.95 23.80 26.25 25.54 18.05 23.51 26.83 25.10 22.07 15.69 22.35
20.70 17.60 14.43 14.27 15.47 13.30 9.79 11.71 13.73 16.48 20.10 21.99 24.09 21.12 21.76 20.66 20.36 18.01 15.82 16.17 15.23 12.32 10.23 11.79 10.19 6.91 7.66 8.72 5.46 3.50 5.65 6.31 8.05 6.82 3.42 5.41 3.11 3.30 1.34 0.00 1.33 3.34 3.42 2.91 5.01 6.96 7.59 8.42 10.84 12.29 13.29 14.65 16.52 16.78 18.46 21.25 24.57 25.72 21.08 22.74 25.27 25.04 18.27 23.09 26.66 25.35 22.24 16.23 22.66
19.41 17.64 14.36 13.28 16.21 14.40 9.93 12.16 15.01 17.68 21.17 22.57 24.59 21.83 22.29 20.99 21.28 19.08 16.47 17.03 16.79 13.86 10.11 13.56 12.20 8.97 9.23 10.64 7.99 4.81 6.77 6.16 8.72 9.16 5.06 6.29 3.18 3.14 3.40 1.33 0.00 1.34 3.49 3.47 3.07 5.23 7.08 7.22 9.10 11.01 12.48 12.51 14.68 16.50 17.49 20.19 23.53 24.23 19.02 21.75 24.16 23.57 17.44 22.48 25.56 23.84 20.65 14.74 20.69
16.28 14.53 11.22 10.44 13.42 11.65 7.17 10.41 12.70 15.38 18.75 19.84 22.04 19.73 20.65 19.80 20.28 17.75 15.24 16.52 16.18 12.97 9.81 13.79 12.60 9.35 10.17 12.14 10.16 6.73 9.06 8.83 11.25 11.99 7.93 8.79 5.36 3.02 3.63 3.34 1.34 0.00 1.34 3.25 3.08 2.95 4.98 6.76 7.73 8.93 10.80 12.33 12.52 14.13 16.44 18.76 21.93 22.31 17.90 19.56 21.87 21.02 14.36 19.76 22.75 20.93 17.78 11.66 17.94
16.34 12.98 9.84 9.41 10.99 9.30 5.01 7.30 9.70 12.37 15.87 17.41 19.48 16.74 17.59 16.79 16.95 14.36 12.01 13.25 12.64 9.40 7.23 10.45 9.24 5.93 6.99 9.26 7.67 3.59 7.80 9.20 12.03 11.87 8.73 10.54 7.15 5.18 3.15 3.42 3.49 1.34 0.00 1.33 3.41 3.62 2.97 4.97 7.03 7.59 8.82 10.91 12.18 11.93 14.53 16.98 20.16 21.19 17.35 17.92 20.48 20.33 13.55 18.17 21.82 20.81 17.76 12.10 18.55
17.31 14.78 11.77 10.38 12.77 11.38 7.06 7.71 11.72 13.82 17.44 18.80 20.52 17.42 17.46 16.00 16.07 14.52 11.68 11.31 11.46 9.49 4.51 7.42 7.92 4.80 3.62 5.42 6.42 3.58 4.24 4.90 8.14 9.11 7.73 9.92 7.83 6.85 5.12 2.91 3.47 3.25 1.33 0.00 1.34 3.43 3.49 2.75 5.09 6.97 7.75 8.87 11.15 12.17 12.61 15.41 18.79 20.00 15.13 17.44 19.92 20.01 14.55 18.56 22.05 21.14 18.05 12.99 18.68
14.70 13.60 10.59 7.94 11.80 11.70 6.69 8.41 12.43 14.01 17.56 18.28 20.07 17.57 17.80 16.54 17.71 15.67 12.63 14.03 14.71 11.79 6.90 11.91 11.49 8.21 8.17 10.35 9.97 6.54 8.51 8.36 11.74 12.99 10.29 11.26 8.79 6.74 7.13 5.01 3.07 3.08 3.41 1.34 0.00 1.33 3.39 3.26 2.99 5.06 6.90 7.48 8.53 11.05 11.95 14.30 17.54 17.99 13.06 15.57 18.06 17.55 12.48 16.91 19.81 18.41 15.26 10.27 15.59
12.29 10.22 7.29 5.28 8.37 8.14 3.77 5.96 9.46 10.90 14.30 14.93 16.79 14.59 15.33 14.63 15.82 13.41 10.30 12.46 13.17 10.22 6.85 11.02 11.32 7.71 9.03 11.69 11.71 8.05 10.85 11.19 14.53 15.60 12.67 14.43 11.24 9.08 7.06 6.96 5.23 2.95 3.62 3.43 1.33 0.00 1.34 3.30 3.36 2.90 4.99 7.02 7.13 8.21 10.68 12.88 15.90 16.36 12.67 13.43 15.78 15.40 9.48 13.94 17.20 16.17 13.11 8.21 14.01
13.90 11.07 8.26 6.64 8.80 8.36 3.68 3.67 7.97 9.49 13.26 14.44 15.88 12.80 12.79 11.59 12.63 10.56 7.55 9.19 9.96 6.81 3.44 7.69 7.62 4.09 5.46 8.23 8.79 5.45 8.99 10.81 13.88 13.90 12.30 14.92 12.54 10.93 8.97 7.59 7.08 4.98 2.97 3.49 3.39 1.34 0.00 1.33 3.48 3.62 3.04 5.20 7.20 7.36 8.57 11.03 14.28 15.78 12.20 12.69 15.34 16.04 11.14 13.98 17.87 17.80 14.97 10.10 16.17
14.73 12.86 10.15 7.76 10.56 10.67 5.96 5.67 10.45 11.64 15.23 16.02 17.48 14.62 13.99 12.31 14.07 12.58 8.79 10.34 11.58 8.92 3.37 8.77 10.00 6.92 6.20 9.01 10.63 8.20 9.07 8.84 12.43 13.81 12.77 14.85 12.90 12.07 10.91 8.42 7.22 6.76 4.97 2.75 3.26 3.30 1.33 0.00 1.34 3.37 3.22 3.03 5.23 7.03 6.97 9.54 12.92 14.09 9.27 11.79 14.47 15.02 11.55 14.28 17.51 17.22 14.27 11.01 15.35
11.64 11.05 8.87 5.07 8.86 10.75 6.94 7.10 11.42 11.32 14.12 14.36 16.05 14.03 13.93 12.88 14.97 13.46 8.86 11.55 13.56 11.17 5.94 11.00 12.75 9.61 9.77 12.56 13.93 10.84 12.91 12.98 16.59 17.88 16.10 18.21 15.39 13.67 12.60 10.84 9.10 7.73 7.03 5.09 2.99 3.36 3.48 1.34 0.00 1.34 3.32 3.38 3.23 5.23 7.10 8.65 11.62 11.82 7.73 9.40 11.97 11.89 8.31 11.69 14.44 13.88 10.91 7.96 12.07
10.21 7.97 5.79 3.72 5.58 7.19 4.14 4.03 7.81 8.04 10.84 11.17 12.80 10.60 10.63 10.00 11.97 10.44 5.68 8.81 11.06 9.09 6.37 10.04 11.86 8.48 10.35 13.21 13.90 10.65 14.47 15.18 18.69 19.45 17.71 20.02 17.04 15.17 13.43 12.29 11.01 8.93 7.59 6.97 5.06 2.90 3.62 3.37 1.34 0.00 1.34 3.48 3.45 2.99 4.86 7.16 9.96 10.97 8.03 7.76 10.29 11.19 7.19 9.38 13.10 13.63 11.06 7.98 12.55
12.30 10.59 8.86 6.04 7.84 9.74 6.76 4.25 9.54 8.78 11.96 12.59 13.46 10.35 8.31 5.65 7.46 7.36 4.08 3.73 6.09 6.67 3.44 6.24 8.95 8.13 8.12 10.96 12.87 11.35 13.05 14.37 17.65 17.72 17.68 20.11 18.26 16.83 15.00 13.29 12.48 10.80 8.82 7.75 6.90 4.99 3.04 3.22 3.32 1.34 0.00 1.33 3.16 3.45 2.68 4.94 8.31 10.23 7.47 7.95 10.73 12.28 9.29 11.29 14.91 15.64 13.00 10.46 14.59
13.52 12.93 11.39 7.60 10.22 12.40 9.51 6.71 12.36 11.05 13.91 13.93 15.63 12.98 12.03 10.29 12.49 11.68 7.05 9.16 11.27 10.46 6.45 10.18 12.73 11.05 10.80 13.83 15.75 13.78 14.27 14.36 17.93 19.73 18.93 20.71 18.69 17.38 16.97 14.65 12.51 12.33 10.91 8.87 7.48 7.02 5.20 3.03 3.38 3.48 1.33 0.00 1.33 3.68 3.57 4.17 7.19 8.21 3.98 6.70 9.57 10.34 8.80 11.40 13.97 14.58 11.86 11.59 13.65
9.10 10.11 8.94 3.25 7.44 11.07 8.50 7.63 12.96 10.39 11.90 10.89 12.90 10.45 10.85 8.27 11.87 11.87 6.93 10.10 12.80 12.30 8.96 12.50 14.99 13.12 13.47 16.42 18.20 15.83 18.17 18.59 22.13 23.04 22.11 24.05 20.95 18.69 17.47 16.52 14.68 12.52 12.18 11.15 8.53 7.13 7.20 5.23 3.23 3.45 3.16 1.33 0.00 1.33 3.32 3.36 5.46 5.97 3.46 3.36 6.11 6.88 3.99 6.95 9.54 9.73 7.14 6.52 8.94
7.32 6.79 6.62 3.69 3.46 6.45 7.27 3.80 7.72 5.16 7.18 6.94 8.86 6.87 6.77 4.61 7.82 8.48 3.77 7.08 9.93 8.22 8.20 11.15 12.89 10.34 12.90 15.61 15.82 13.82 18.02 19.80 22.96 22.31 21.02 24.28 21.78 20.18 17.73 16.78 16.50 14.13 11.93 12.17 11.05 8.21 7.36 7.03 5.23 2.99 3.45 3.68 1.33 0.00 1.34 3.45 5.40 7.54 5.59 3.80 7.01 8.49 4.12 4.88 9.34 10.80 9.54 9.76 12.25
12.81 12.59 12.10 8.53 8.13 12.32 11.93 6.85 12.57 9.48 11.21 10.72 11.89 8.96 8.09 5.34 8.15 9.27 4.68 6.59 9.21 10.48 7.72 10.25 13.00 13.09 12.56 15.36 17.57 16.72 17.37 18.71 21.99 21.84 22.86 25.03 23.32 22.20 20.69 18.46 17.49 16.44 14.53 12.61 11.95 10.68 8.57 6.97 7.10 4.86 2.68 3.57 3.32 1.34 0.00 1.33 3.72 6.59 6.56 5.49 8.44 10.41 8.81 9.55 13.21 14.62 13.04 13.37 15.51
12.92 14.27 14.12 9.79 8.15 14.80 14.49 9.65 15.33 12.04 13.01 11.14 12.79 10.16 9.77 6.57 9.97 11.52 7.25 9.34 12.10 13.19 10.82 13.51 16.19 15.84 15.78 18.59 20.69 19.35 20.77 22.01 25.33 25.19 25.79 28.15 26.15 24.79 23.16 21.25 20.19 18.76 16.98 15.41 14.30 12.88 11.03 9.54 8.65 7.16 4.94 4.17 3.36 3.45 1.33 0.00 1.35 2.93 3.25 2.85 4.87 6.77 7.51 8.28 10.64 12.05 11.57 12.89 14.18
13.03 15.02 15.59 11.59 8.22 16.25 17.12 12.24 17.47 13.62 13.44 10.78 12.39 9.81 9.63 5.03 10.07 12.46 8.53 11.40 14.14 15.43 13.85 15.58 18.99 18.85 19.07 21.77 23.82 22.49 24.16 25.47 28.77 28.26 29.01 31.55 29.50 28.04 26.32 24.57 23.53 21.93 20.16 18.79 17.54 15.90 14.28 12.92 11.62 9.96 8.31 7.19 5.46 5.40 3.72 1.35 0.00 1.34 3.48 3.66 3.05 5.17 7.11 7.04 8.31 10.45 11.74 13.39 14.31
12.71 14.91 15.32 10.82 9.60 16.87 17.17 14.13 19.10 15.41 15.20 12.77 14.39 11.99 12.36 8.55 13.35 15.34 10.62 14.13 16.95 17.74 16.22 18.89 21.50 20.94 21.35 24.13 26.10 24.21 26.34 27.38 30.80 30.78 31.00 33.19 30.47 28.54 27.04 25.72 24.23 22.31 21.19 20.00 17.99 16.36 15.78 14.09 11.82 10.97 10.23 8.21 5.97 7.54 6.59 2.93 1.34 0.00 1.34 3.37 3.43 3.09 5.19 7.01 7.64 7.82 9.40 11.15 11.31
9.76 11.86 11.94 7.26 7.51 13.68 13.63 11.76 16.26 13.31 13.41 11.23 13.46 11.80 12.89 9.83 14.33 15.10 9.79 13.79 16.58 16.20 13.19 17.00 19.72 18.19 17.52 20.69 22.79 20.76 21.27 21.67 25.24 26.84 25.93 27.88 25.43 23.67 22.95 21.08 19.02 17.90 17.35 15.13 13.06 12.67 12.20 9.27 7.73 8.03 7.47 3.98 3.46 5.59 6.56 3.25 3.48 1.34 0.00 1.33 3.38 3.29 2.85 4.90 6.84 7.59 6.77 8.35 9.44
8.03 10.22 10.89 7.68 2.96 10.44 12.52 9.06 10.96 7.09 5.15 2.98 4.17 2.80 4.46 3.39 7.04 7.38 3.30 8.44 10.87 10.81 11.89 13.88 15.93 15.18 17.56 19.77 19.46 19.37 23.26 24.96 28.13 26.08 26.33 30.11 27.72 25.85 23.80 22.74 21.75 19.56 17.92 17.44 15.57 13.43 12.69 11.79 9.40 7.76 7.95 6.70 3.36 3.80 5.49 2.85 3.66 3.37 1.33 0.00 1.34 3.32 3.27 2.82 4.90 6.81 7.35 8.98 10.83
9.38 11.61 12.83 9.63 6.43 14.37 15.73 12.83 16.84 13.19 12.30 9.19 10.85 9.98 11.63 8.89 13.89 14.66 9.46 14.32 17.13 16.65 16.20 19.07 21.30 19.70 21.57 24.12 25.12 23.13 26.62 27.64 31.06 30.97 30.21 32.91 30.12 28.16 26.25 25.27 24.16 21.87 20.48 19.92 18.06 15.78 15.34 14.47 11.97 10.29 10.73 9.57 6.11 7.01 8.44 4.87 3.05 3.43 3.38 1.34 0.00 1.34 3.43 3.45 3.06 4.93 6.72 9.42 10.27
8.05 10.55 11.54 8.34 8.30 14.44 14.69 14.39 17.80 15.09 14.37 10.99 13.71 13.03 14.74 11.81 16.67 17.51 11.98 16.75 19.57 18.79 18.08 21.09 23.32 20.83 22.91 25.65 26.40 23.52 27.38 28.16 31.70 32.33 30.74 32.80 29.57 27.19 25.54 25.04 23.57 21.02 20.33 20.01 17.55 15.40 16.04 15.02 11.89 11.19 12.28 10.34 6.88 8.49 10.41 6.77 5.17 3.09 3.29 3.32 1.34 0.00 1.33 3.34 3.38 2.84 3.90 6.38 6.34
3.47 3.82 3.21 3.01 3.85 6.68 6.76 9.10 10.72 9.36 9.50 7.30 10.24 10.88 12.83 11.68 15.13 13.94 9.16 13.71 16.12 13.41 13.73 16.62 18.16 14.22 17.32 20.18 19.29 16.15 21.33 22.81 26.06 26.10 23.59 26.00 22.64 20.23 18.05 18.27 17.44 14.36 13.55 14.55 12.48 9.48 11.14 11.55 8.31 7.19 9.29 8.80 3.99 4.12 8.81 7.51 7.11 5.19 2.85 3.27 3.43 1.33 0.00 1.33 3.29 3.50 2.79 3.73 6.31
5.02 7.31 8.49 7.53 2.61 9.79 11.88 10.66 12.95 9.70 8.24 4.88 7.23 7.77 9.99 8.98 13.13 12.26 8.06 13.59 16.06 14.14 15.09 17.82 19.49 16.88 19.82 22.51 21.79 20.18 24.87 26.53 29.78 29.19 27.59 30.84 27.89 25.88 23.51 23.09 22.48 19.76 18.17 18.56 16.91 13.94 13.98 14.28 11.69 9.38 11.29 11.40 6.95 4.88 9.55 8.28 7.04 7.01 4.90 2.82 3.45 3.34 1.33 0.00 1.33 3.64 4.83 7.06 9.02
6.65 9.45 11.11 10.06 7.79 13.97 15.58 15.37 17.70 14.60 13.23 8.75 12.13 13.37 15.60 13.94 18.41 17.81 13.09 18.43 21.04 19.26 19.69 22.60 24.41 21.57 24.33 27.09 26.63 24.42 29.03 30.28 33.69 33.75 31.86 34.49 31.21 28.84 26.83 26.66 25.56 22.75 21.82 22.05 19.81 17.20 17.87 17.51 14.44 13.10 14.91 13.97 9.54 9.34 13.21 10.64 8.31 7.64 6.84 4.90 3.06 3.38 3.29 1.33 0.00 1.33 3.84 7.53 8.32
5.45 9.14 8.97 8.92 9.82 13.74 14.24 16.50 18.55 16.26 15.35 10.94 14.56 15.88 18.11 16.27 20.70 20.27 15.17 20.26 22.87 20.87 20.67 23.86 25.61 22.04 24.66 27.51 27.28 24.00 28.61 29.48 32.96 33.59 31.19 32.89 29.41 26.59 25.10 25.35 23.84 20.93 20.81 21.14 18.41 16.17 17.80 17.22 13.88 13.63 15.64 14.58 9.73 10.80 14.62 12.05 10.45 7.82 7.59 6.81 4.93 2.84 3.50 3.64 1.33 0.00 1.33 4.24 4.04
3.43 7.20 7.27 5.95 8.76 11.58 11.36 14.21 16.30 14.56 14.47 10.84 14.57 15.90 18.16 16.50 20.44 19.44 14.62 18.93 21.40 18.95 17.99 21.44 23.17 19.47 21.89 24.74 24.81 21.18 25.61 26.38 29.86 30.62 28.07 29.76 26.32 23.59 22.07 22.24 20.65 17.78 17.76 18.05 15.26 13.11 14.97 14.27 10.91 11.06 13.00 11.86 7.14 9.54 13.04 11.57 11.74 9.40 6.77 7.35 6.72 3.90 2.79 4.83 3.84 1.33 0.00 1.33 3.20
2.83 7.54 2.79 3.50 8.45 9.51 5.80 10.75 12.97 13.59 15.00 12.38 15.86 16.68 18.55 17.35 20.66 18.29 14.41 17.70 19.37 16.38 14.54 18.30 19.02 15.11 17.46 20.27 19.92 15.70 20.29 21.11 24.43 25.17 22.05 23.53 20.02 17.19 15.69 16.23 14.74 11.66 12.10 12.99 10.27 8.21 10.10 11.01 7.96 7.98 10.46 11.59 6.52 9.76 13.37 12.89 13.39 11.15 8.35 8.98 9.42 6.38 3.73 7.06 7.53 4.24 1.33 0.00 1.34
4.96 10.60 7.30 7.47 12.39 14.29 12.51 16.39 18.64 17.85 18.18 15.02 18.55 19.44 21.23 19.49 23.23 22.15 17.47 21.33 23.74 21.31 19.49 23.31 24.93 21.22 23.30 26.12 26.41 22.39 26.46 26.82 30.33 31.46 28.45 29.83 26.36 23.43 22.35 22.66 20.69 17.94 18.55 18.68 15.59 14.01 16.17 15.35 12.07 12.55 14.59 13.65 8.94 12.25 15.51 14.18 14.31 11.31 9.44 10.83 10.27 6.34 6.31 9.02 8.32 4.04 3.20 1.34 0.00
