0.00 1.34 3.78 4.64 8.97 6.69 6.12 11.04 12.76 13.32 14.74 9.57 16.52 17.33 20.08 20.81 22.43 19.52 16.53 19.66 20.56 17.20 15.30 19.71 18.05 14.58 18.27 20.81 18.78 15.98 19.70 18.83 22.82 24.17 21.39 23.92 22.20 18.60 15.37 14.79 15.52 13.06 10.56 11.91 12.09 8.79 7.42 10.37 10.21 2.89 8.61 11.38 10.69 8.24 12.04 14.93 15.32 17.67 15.28 11.98 13.84 15.44 12.58 6.24 12.34 13.31 9.96 7.91 3.53 7.41 9.26
1.34 0.00 1.33 3.49 6.15 4.90 3.72 7.58 8.89 10.65 12.36 8.67 14.44 14.63 17.11 17.84 19.27 16.38 13.34 16.49 16.83 13.59 13.92 16.16 13.22 9.87 13.94 16.47 12.53 9.94 15.84 17.59 20.58 19.82 16.37 20.37 19.25 14.83 12.93 10.27 11.76 11.96 8.80 7.36 10.13 10.02 4.39 8.37 11.05 7.70 7.19 10.13 12.09 9.47 8.97 13.70 15.26 17.05 15.81 12.31 12.42 14.46 12.42 4.48 11.11 13.05 10.71 8.13 2.75 9.54 11.40
3.78 1.33 0.00 1.34 3.00 2.95 2.94 5.15 6.61 6.97 7.66 2.80 9.30 10.29 13.05 14.36 16.07 13.21 10.27 13.82 14.55 11.01 12.01 14.62 12.15 9.41 14.17 17.01 15.21 12.70 17.81 19.50 22.85 21.77 19.29 23.84 23.57 19.50 17.37 14.69 15.05 14.88 11.89 10.45 12.29 10.97 7.63 8.80 10.57 8.81 6.05 9.06 11.35 8.71 6.39 11.80 13.08 14.22 13.86 10.63 9.35 11.53 10.68 2.71 6.81 9.98 9.65 7.52 4.22 10.35 11.64
4.64 3.49 1.34 0.00 1.34 3.34 3.50 3.17 5.06 5.09 7.58 7.39 10.05 8.84 10.99 11.70 12.86 9.91 7.35 10.25 11.36 7.96 8.80 11.49 10.20 7.38 11.86 14.71 14.48 11.91 16.27 17.56 21.31 19.84 18.26 23.05 22.70 18.68 16.34 14.64 14.31 12.80 10.20 9.51 9.84 7.21 4.89 6.85 6.86 3.10 3.36 5.80 7.19 3.69 3.77 8.49 9.58 11.63 10.37 6.91 7.44 9.39 8.22 2.90 7.49 9.99 9.05 6.15 3.52 7.97 7.66
8.97 6.15 3.00 1.34 0.00 1.34 3.48 3.61 2.98 2.94 3.30 3.63 5.07 5.16 7.37 8.64 10.68 8.69 5.03 10.11 10.93 7.23 9.23 12.10 8.28 7.40 12.73 15.40 13.79 12.11 17.42 19.83 22.86 19.89 19.04 24.23 24.90 20.39 19.57 16.39 16.17 16.52 13.84 11.83 13.09 11.94 8.49 9.10 10.79 8.83 5.72 8.00 10.27 7.34 3.51 8.14 8.40 8.76 9.84 7.72 3.08 6.69 8.53 3.77 2.66 7.95 9.86 8.45 7.33 12.24 11.31
6.69 4.90 2.95 3.34 1.34 0.00 1.34 3.28 2.99 4.62 6.84 6.45 9.69 9.25 12.48 13.92 14.51 11.25 9.58 12.60 11.94 8.41 9.95 12.47 7.93 6.27 11.76 14.35 11.03 9.51 15.60 18.20 21.06 18.35 16.69 21.76 22.06 17.30 16.77 13.44 13.71 14.67 12.05 9.81 11.82 11.82 8.44 7.82 10.83 10.68 7.15 9.83 12.40 11.07 6.60 12.49 14.98 16.73 16.89 13.67 10.66 14.51 14.46 6.41 9.97 14.07 14.10 11.74 8.19 14.19 15.38
6.12 3.72 2.94 3.50 3.48 1.34 0.00 1.34 3.35 5.94 8.90 9.41 12.23 10.84 12.88 13.22 13.56 10.18 8.92 11.06 10.11 6.95 7.57 9.75 7.20 3.41 8.50 11.19 9.46 6.93 12.36 14.25 17.58 15.59 13.78 18.81 19.00 14.92 13.32 10.51 10.15 10.20 7.68 5.42 7.29 6.85 3.76 3.85 6.04 6.42 3.90 6.58 9.29 9.18 7.17 11.78 14.26 17.04 16.66 13.18 12.60 15.40 14.34 6.78 12.00 15.37 13.79 10.93 5.61 12.37 13.79
11.04 7.58 5.15 3.17 3.61 3.28 1.34 0.00 1.33 3.42 6.99 9.29 10.91 7.82 8.40 8.14 9.41 6.63 3.82 6.28 6.95 3.50 4.25 6.70 4.07 3.58 7.15 9.95 10.09 8.86 12.11 14.03 17.22 15.35 14.56 19.54 20.93 17.06 16.33 13.23 11.98 12.40 10.89 7.77 8.06 8.63 6.01 3.92 5.97 7.09 3.90 4.27 6.69 7.66 3.73 6.63 9.77 12.52 14.31 11.78 8.92 12.89 14.47 8.96 10.86 15.48 16.45 14.17 10.19 16.54 15.66
12.76 8.89 6.61 5.06 2.98 2.99 3.35 1.33 0.00 1.33 4.65 7.70 9.67 7.27 10.20 11.68 10.73 7.31 8.11 10.09 8.54 5.40 7.53 10.19 4.43 4.86 10.40 12.92 10.95 9.58 15.07 17.86 20.63 17.08 16.54 21.90 22.89 18.17 18.12 14.73 14.33 15.46 13.34 10.46 12.26 12.70 9.55 7.76 10.80 11.40 7.71 9.56 12.34 12.89 7.63 12.46 15.45 17.81 19.11 16.18 11.11 16.88 17.76 10.47 13.01 17.73 18.23 15.89 12.23 18.49 18.85
13.32 10.65 6.97 5.09 2.94 4.62 5.94 3.42 1.33 0.00 1.34 3.97 6.12 3.89 6.73 8.13 7.66 4.30 4.53 6.78 6.63 3.45 6.31 9.05 5.98 7.14 11.37 13.59 13.21 12.22 16.92 19.60 22.30 17.94 18.95 24.43 25.68 20.93 20.96 17.58 17.09 18.14 16.02 13.14 14.20 14.16 10.93 9.75 11.92 11.22 7.93 8.81 11.01 10.32 5.02 9.59 12.26 14.10 15.73 13.35 7.20 13.30 15.10 9.16 9.71 14.84 16.31 14.23 12.46 17.69 16.99
14.74 12.36 7.66 7.58 3.30 6.84 8.90 6.99 4.65 1.34 0.00 1.34 2.86 3.02 6.05 8.70 10.25 4.99 6.04 10.19 10.95 7.92 10.76 13.54 9.02 10.68 15.58 17.89 16.68 15.89 20.89 23.58 26.38 21.99 22.64 28.11 29.33 24.60 24.46 21.15 20.66 21.52 19.30 16.53 17.79 17.42 14.09 13.28 15.01 13.64 10.40 11.78 13.57 11.50 6.82 10.96 12.94 13.75 15.35 13.16 5.18 12.23 14.19 8.97 7.89 13.07 15.10 13.82 13.43 17.60 16.71
9.57 8.67 2.80 7.39 3.63 6.45 9.41 9.29 7.70 3.97 1.34 0.00 1.33 3.36 6.60 8.83 11.20 7.78 6.80 12.04 13.75 10.81 13.26 16.12 12.47 13.22 18.13 20.64 19.60 18.38 23.34 25.64 28.72 25.14 25.20 30.49 31.13 26.82 24.97 22.22 22.51 22.46 19.51 17.93 19.16 17.99 14.62 14.70 16.11 14.19 11.17 12.68 13.79 10.74 6.90 10.76 11.35 11.25 12.93 11.26 3.30 9.59 10.98 6.00 5.35 9.13 9.68 8.04 9.02 11.97 12.85
16.52 14.44 9.30 10.05 5.07 9.69 12.23 10.91 9.67 6.12 2.86 1.33 0.00 1.34 3.53 6.81 8.80 5.04 6.72 10.97 12.42 11.20 13.45 15.96 13.76 14.98 19.09 20.89 21.69 20.42 24.72 26.92 29.89 25.84 26.98 32.32 33.41 29.04 28.10 25.05 24.51 24.80 22.44 19.98 20.77 20.07 16.77 16.05 17.41 15.74 12.58 13.64 15.35 12.67 8.65 11.73 12.93 12.94 14.82 13.47 4.28 11.81 13.79 9.96 7.48 12.19 14.54 14.07 14.95 18.15 16.95
17.33 14.63 10.29 8.84 5.16 9.25 10.84 7.82 7.27 3.89 3.02 3.36 1.34 0.00 1.33 4.06 6.19 3.44 3.71 7.74 9.03 7.50 9.77 12.31 10.41 11.55 15.40 17.27 18.24 17.27 21.07 23.38 26.26 22.15 23.36 28.73 30.39 26.14 25.71 22.60 21.53 22.08 20.19 17.29 17.74 17.67 14.59 13.00 14.66 13.81 10.39 10.60 12.51 10.18 6.61 8.66 10.27 10.37 12.44 11.88 2.84 10.54 13.16 10.68 7.89 13.49 15.96 15.47 15.49 19.23 17.06
20.08 17.11 13.05 10.99 7.37 12.48 12.88 8.40 10.20 6.73 6.05 6.60 3.53 1.33 0.00 1.34 3.05 2.93 3.12 5.16 6.82 7.79 9.07 10.91 11.80 12.55 14.93 15.94 18.36 18.20 20.69 22.64 25.42 21.48 23.40 28.58 30.52 27.04 26.61 23.71 22.04 22.46 21.09 18.06 17.71 17.90 15.35 12.95 14.05 13.82 10.48 8.54 12.00 10.94 6.86 8.08 10.07 10.67 12.99 13.17 4.59 12.24 15.02 12.84 10.08 15.69 18.19 17.82 17.48 21.39 19.02
20.81 17.84 14.36 11.70 8.64 13.92 13.22 8.14 11.68 8.13 8.70 8.83 6.81 4.06 1.34 0.00 1.34 3.36 3.40 2.71 5.01 6.95 7.65 8.86 10.91 12.15 12.95 14.02 16.79 17.23 18.22 20.42 23.12 19.70 21.80 26.71 28.72 25.70 25.49 22.81 20.72 21.03 20.11 17.07 16.12 16.60 14.58 11.64 12.40 12.68 9.87 5.87 9.53 9.16 5.50 3.79 6.75 7.63 10.32 11.68 4.51 11.63 14.32 13.11 10.56 16.11 18.53 18.30 17.80 21.32 18.27
22.43 19.27 16.07 12.86 10.68 14.51 13.56 9.41 10.73 7.66 10.25 11.20 8.80 6.19 3.05 1.34 0.00 1.33 3.44 3.68 3.16 5.26 7.20 7.92 9.18 11.17 12.51 11.85 15.43 16.56 17.83 20.34 22.60 17.80 20.89 26.02 28.35 25.29 25.75 22.84 20.72 21.61 20.87 17.55 16.23 18.02 15.98 12.79 14.38 14.91 11.84 7.82 12.52 12.13 8.07 7.71 10.46 11.54 14.13 14.75 7.18 14.29 17.07 15.21 13.24 18.73 21.04 20.52 19.62 23.51 20.94
19.52 16.38 13.21 9.91 8.69 11.25 10.18 6.63 7.31 4.30 4.99 7.78 5.04 3.44 2.93 3.36 1.33 0.00 1.34 3.39 3.13 2.86 4.93 6.77 7.31 8.50 10.62 11.32 13.63 13.89 16.42 18.91 21.37 16.65 18.90 24.25 26.42 22.73 23.15 20.05 18.28 19.30 18.22 14.88 14.69 15.83 13.43 10.40 12.80 13.45 10.28 7.55 11.72 12.02 8.62 8.46 11.93 13.56 16.04 15.42 7.81 15.35 17.85 13.94 12.72 18.08 20.41 19.34 17.42 22.33 20.68
16.53 13.34 10.27 7.35 5.03 9.58 8.92 3.82 8.11 4.53 6.04 6.80 6.72 3.71 3.12 3.40 3.44 1.34 0.00 1.34 3.32 3.32 2.90 4.93 6.89 7.24 8.63 10.61 12.30 12.27 14.34 16.34 19.11 15.76 17.15 22.24 24.20 20.98 20.82 17.99 15.99 16.61 15.68 12.44 11.92 12.62 10.25 7.71 8.76 8.75 5.53 4.12 6.96 7.10 3.87 4.19 7.55 9.17 11.18 10.11 3.34 9.84 12.34 9.29 8.29 13.46 15.53 14.62 13.49 17.68 15.53
19.66 16.49 13.82 10.25 10.11 12.60 11.06 6.28 10.09 6.78 10.19 12.04 10.97 7.74 5.16 2.71 3.68 3.39 1.34 0.00 1.34 3.42 3.61 2.99 5.11 7.10 7.46 8.09 10.95 12.40 12.71 15.21 17.50 13.63 16.16 21.07 23.38 20.84 21.28 18.60 16.12 17.03 16.77 13.46 11.18 14.10 12.53 8.60 10.64 11.62 8.78 3.60 9.27 10.40 7.56 4.55 8.39 9.88 12.66 13.44 8.56 14.72 17.15 13.94 13.88 18.83 20.66 19.08 16.92 21.76 19.79
20.56 16.83 14.55 11.36 10.93 11.94 10.11 6.95 8.54 6.63 10.95 13.75 12.42 9.03 6.82 5.01 3.16 3.13 3.32 1.34 0.00 1.33 3.44 3.48 3.14 5.23 7.09 6.50 9.35 10.95 12.58 15.44 17.36 11.88 14.95 20.26 22.76 19.43 20.77 17.74 15.57 17.14 16.78 13.28 11.67 15.11 13.30 8.85 11.96 13.71 11.03 6.33 11.45 13.10 10.33 8.39 12.60 14.99 17.61 16.91 11.03 17.52 19.95 16.23 16.39 21.40 23.21 21.52 18.75 24.10 22.42
17.20 13.59 11.01 7.96 7.23 8.41 6.95 3.50 5.40 3.45 7.92 10.81 11.20 7.50 7.79 6.95 5.26 2.86 3.32 3.42 1.33 0.00 1.34 3.38 3.25 3.01 4.90 6.84 7.81 8.02 10.59 13.51 15.84 11.49 12.88 18.31 20.50 16.78 17.68 14.57 12.62 14.15 13.52 10.01 9.56 12.18 10.37 5.83 9.23 11.40 9.00 6.78 10.58 12.44 8.21 9.49 13.52 16.05 18.24 16.41 10.96 16.96 19.06 13.47 14.46 19.57 21.00 18.86 15.64 21.45 20.66
15.30 13.92 12.01 8.80 9.23 9.95 7.57 4.25 7.53 6.31 10.76 13.26 13.45 9.77 9.07 7.65 7.20 4.93 2.90 3.61 3.44 1.34 0.00 1.34 3.26 3.18 2.75 4.70 6.57 7.54 7.53 9.04 12.19 10.30 11.31 16.27 17.85 15.56 15.57 13.56 10.84 10.76 10.82 8.09 4.85 7.61 7.42 3.68 4.23 6.50 6.50 3.39 6.43 9.07 8.48 6.62 11.03 14.19 16.51 12.81 11.88 16.43 18.34 14.06 15.53 20.04 20.84 18.16 14.40 20.10 19.00
19.71 16.16 14.62 11.49 12.10 12.47 9.75 6.70 10.19 9.05 13.54 16.12 15.96 12.31 10.91 8.86 7.92 6.77 4.93 2.99 3.48 3.38 1.34 0.00 1.34 3.45 3.76 3.13 5.17 7.27 7.99 10.83 12.35 7.56 10.60 15.55 18.22 15.90 17.60 14.99 12.26 14.06 14.51 11.16 7.76 12.43 11.33 6.51 9.24 11.44 10.20 6.34 10.45 12.89 11.32 9.28 13.80 16.85 19.31 17.14 14.12 19.32 21.35 16.87 18.22 22.93 24.06 21.67 17.97 23.83 22.68
18.05 13.22 12.15 10.20 8.28 7.93 7.20 4.07 4.43 5.98 9.02 12.47 13.76 10.41 11.80 10.91 9.18 7.31 6.89 5.11 3.14 3.25 3.26 1.34 0.00 1.33 3.49 3.64 3.31 5.45 7.32 10.84 12.41 6.64 8.94 14.43 17.06 13.54 16.00 13.01 10.82 12.83 13.45 10.19 8.40 12.18 11.78 7.01 10.54 13.24 11.82 9.05 12.97 15.36 11.80 12.01 16.51 19.51 21.94 19.77 14.76 20.94 22.59 15.96 17.58 22.65 23.63 21.33 17.68 23.92 23.91
14.58 9.87 9.41 7.38 7.40 6.27 3.41 3.58 4.86 7.14 10.68 13.22 14.98 11.55 12.55 12.15 11.17 8.50 7.24 7.10 5.23 3.01 3.18 3.45 1.33 0.00 1.33 3.34 3.00 2.89 4.72 8.16 10.29 7.74 6.81 12.20 14.40 11.12 12.63 9.81 7.36 9.42 9.99 6.95 5.11 8.77 7.93 3.72 7.65 10.18 7.56 8.40 11.16 12.87 9.44 11.78 15.57 18.54 20.33 17.57 14.53 18.92 19.96 13.29 16.19 20.76 20.96 18.39 13.92 20.46 20.61
18.27 13.94 14.17 11.86 12.73 11.76 8.50 7.15 10.40 11.37 15.58 18.13 19.09 15.40 14.93 12.95 12.51 10.62 8.63 7.46 7.09 4.90 2.75 3.76 3.49 1.33 0.00 1.34 3.27 3.56 2.95 5.82 7.59 6.13 6.18 10.71 13.16 11.45 13.10 11.06 7.91 9.52 10.76 7.66 3.83 8.63 9.28 4.52 7.32 9.96 10.34 7.85 10.72 13.45 12.95 11.45 15.60 18.98 21.19 17.00 17.43 21.39 22.92 17.52 20.13 24.49 24.66 21.94 17.32 23.68 23.25
20.81 16.47 17.01 14.71 15.40 14.35 11.19 9.95 12.92 13.59 17.89 20.64 20.89 17.27 15.94 14.02 11.85 11.32 10.61 8.09 6.50 6.84 4.70 3.13 3.64 3.34 1.34 0.00 1.34 3.59 4.31 7.35 7.67 2.95 5.40 10.11 13.17 11.23 14.33 12.09 9.16 10.98 12.68 9.85 5.62 10.80 11.87 7.30 10.00 12.79 13.17 10.85 13.82 16.49 15.67 14.26 18.56 21.88 24.15 20.22 19.70 24.14 25.69 20.40 22.84 27.26 27.50 24.78 20.14 26.46 26.06
18.78 12.53 15.21 14.48 13.79 11.03 9.46 10.09 10.95 13.21 16.68 19.60 21.69 18.24 18.36 16.79 15.43 13.63 12.30 10.95 9.35 7.81 6.57 5.17 3.31 3.00 3.27 1.34 0.00 1.33 3.53 6.89 7.93 4.75 2.82 8.43 11.02 7.60 11.12 8.91 5.76 8.21 10.46 7.37 6.45 10.19 11.84 6.79 11.19 14.06 13.95 12.78 15.70 18.22 16.65 16.42 20.69 23.99 26.17 22.18 21.29 25.76 26.93 19.83 23.55 28.00 27.61 24.95 19.87 26.61 27.16
15.98 9.94 12.70 11.91 12.11 9.51 6.93 8.86 9.58 12.22 15.89 18.38 20.42 17.27 18.20 17.23 16.56 13.89 12.27 12.40 10.95 8.02 7.54 7.27 5.45 2.89 3.56 3.59 1.33 0.00 1.34 3.51 6.14 5.75 3.41 7.63 9.29 6.43 8.49 5.34 3.81 4.99 7.03 3.57 3.44 6.73 8.37 3.39 8.45 11.11 11.04 11.64 13.99 16.22 14.49 15.95 19.71 22.98 24.48 20.13 20.11 23.63 24.07 17.00 21.18 25.27 24.56 21.74 16.48 23.17 23.93
19.70 15.84 17.81 16.27 17.42 15.60 12.36 12.11 15.07 16.92 20.89 23.34 24.72 21.07 20.69 18.22 17.83 16.42 14.34 12.71 12.58 10.59 7.53 7.99 7.32 4.72 2.95 4.31 3.53 1.34 0.00 1.35 3.13 3.02 3.05 5.27 7.83 7.55 9.71 9.09 5.85 6.87 9.22 7.85 4.08 8.50 10.77 7.33 9.68 12.69 14.19 12.03 13.12 17.44 17.82 16.12 19.85 23.27 25.35 19.76 22.88 26.08 26.96 21.31 24.91 28.80 28.18 25.25 20.11 26.42 26.63
18.83 17.59 19.50 17.56 19.83 18.20 14.25 14.03 17.86 19.60 23.58 25.64 26.92 23.38 22.64 20.42 20.34 18.91 16.34 15.21 15.44 13.51 9.04 10.83 10.84 8.16 5.82 7.35 6.89 3.51 1.35 0.00 1.34 3.22 3.21 3.22 5.43 6.76 9.08 9.58 6.55 5.63 8.36 8.82 4.26 7.85 10.73 9.64 9.15 12.33 14.51 13.41 13.11 17.70 19.18 17.61 20.96 24.42 26.10 19.82 23.95 26.61 27.15 22.41 26.07 29.46 28.55 25.53 20.57 26.28 26.03
22.82 20.58 22.85 21.31 22.86 21.06 17.58 17.22 20.63 22.30 26.38 28.72 29.89 26.26 25.42 23.12 22.60 21.37 19.11 17.50 17.36 15.84 12.19 12.35 12.41 10.29 7.59 7.67 7.93 6.14 3.13 1.34 0.00 1.34 3.49 3.69 7.63 8.94 11.03 11.71 8.51 8.93 11.38 12.00 7.82 11.55 14.35 12.59 12.85 16.15 18.26 16.69 16.69 21.41 22.64 20.86 24.40 27.86 29.76 23.47 27.52 30.26 30.94 26.01 29.64 33.19 32.33 29.33 24.26 30.15 30.01
24.17 19.82 21.77 19.84 19.89 18.35 15.59 15.35 17.08 17.94 21.99 25.14 25.84 22.15 21.48 19.70 17.80 16.65 15.76 13.63 11.88 11.49 10.30 7.56 6.64 7.74 6.13 2.95 4.75 5.75 3.02 3.22 1.34 0.00 1.33 3.71 7.13 7.12 10.11 10.57 6.92 9.02 11.88 11.89 8.85 12.78 15.40 11.79 14.70 17.47 18.73 16.74 18.57 22.40 21.17 20.00 24.39 27.64 29.99 25.25 24.98 29.92 31.46 25.63 28.27 32.84 33.00 30.10 24.88 31.27 31.49
21.39 16.37 19.29 18.26 19.04 16.69 13.78 14.56 16.54 18.95 22.64 25.20 26.98 23.36 23.40 21.80 20.89 18.90 17.15 16.16 14.95 12.88 11.31 10.60 8.94 6.81 6.18 5.40 2.82 3.41 3.05 3.21 3.49 1.33 0.00 1.33 3.24 3.23 5.75 7.16 3.57 5.83 8.60 8.47 7.14 10.35 12.54 9.08 12.76 15.37 16.56 16.02 17.82 20.77 20.32 20.30 24.14 27.57 29.30 24.08 25.66 29.02 29.49 23.17 27.28 31.14 30.22 27.24 21.85 28.30 29.01
23.92 20.37 23.84 23.05 24.23 21.76 18.81 19.54 21.90 24.43 28.11 30.49 32.32 28.73 28.58 26.71 26.02 24.25 22.24 21.07 20.26 18.31 16.27 15.55 14.43 12.20 10.71 10.11 8.43 7.63 5.27 3.22 3.69 3.71 1.33 0.00 1.34 3.35 6.56 8.89 6.72 8.01 10.78 12.19 10.38 12.80 15.63 13.93 16.25 18.70 20.60 20.24 20.35 24.50 25.06 24.57 28.09 31.56 33.04 26.92 30.58 33.21 33.35 27.44 31.91 35.35 33.83 30.91 25.46 31.51 32.07
22.20 19.25 23.57 22.70 24.90 22.06 19.00 20.93 22.89 25.68 29.33 31.13 33.41 30.39 30.52 28.72 28.35 26.42 24.20 23.38 22.76 20.50 17.85 18.22 17.06 14.40 13.16 13.17 11.02 9.29 7.83 5.43 7.63 7.13 3.24 1.34 0.00 1.34 3.42 6.13 6.87 6.80 9.14 11.16 11.15 11.50 15.21 15.03 16.86 19.12 21.00 21.53 20.85 25.19 25.97 26.02 29.18 32.62 33.64 27.22 31.36 33.83 33.23 27.04 32.30 35.20 32.78 30.04 24.51 30.19 31.20
18.60 14.83 19.50 18.68 20.39 17.30 14.92 17.06 18.17 20.93 24.60 26.82 29.04 26.14 27.04 25.70 25.29 22.73 20.98 20.84 19.43 16.78 15.56 15.90 13.54 11.12 11.45 11.23 7.60 6.43 7.55 6.76 8.94 7.12 3.23 3.35 1.34 0.00 1.34 2.91 3.25 3.13 5.26 6.96 7.74 8.98 11.24 11.19 13.59 15.33 17.04 18.17 18.16 21.48 21.96 22.86 25.87 29.23 29.89 24.04 27.46 29.87 29.25 22.95 28.22 31.15 28.84 26.07 20.52 26.37 27.45
15.37 12.93 17.37 16.34 19.57 16.77 13.32 16.33 18.12 20.96 24.46 24.97 28.10 25.71 26.61 25.49 25.75 23.15 20.82 21.28 20.77 17.68 15.57 17.60 16.00 12.63 13.10 14.33 11.12 8.49 9.71 9.08 11.03 10.11 5.75 6.56 3.42 1.34 0.00 1.33 3.44 3.64 3.11 5.21 7.06 7.30 8.89 10.85 12.61 13.17 15.36 17.05 17.24 19.70 20.52 22.20 24.74 27.96 28.06 22.44 25.67 27.98 26.86 20.53 26.23 28.72 25.89 23.25 17.73 23.29 24.66
14.79 10.27 14.69 14.64 16.39 13.44 10.51 13.23 14.73 17.58 21.15 22.22 25.05 22.60 23.71 22.81 22.84 20.05 17.99 18.60 17.74 14.57 13.56 14.99 13.01 9.81 11.06 12.09 8.91 5.34 9.09 9.58 11.71 10.57 7.16 8.89 6.13 2.91 1.33 0.00 1.34 3.32 3.41 2.97 4.97 6.95 6.91 7.81 10.83 12.38 13.48 14.96 16.58 18.32 17.95 20.11 22.97 26.19 26.58 21.65 23.79 26.10 25.29 18.34 23.88 26.83 24.53 21.78 16.15 22.28 23.86
15.52 11.76 15.05 14.31 16.17 13.71 10.15 11.98 14.33 17.09 20.66 22.51 24.51 21.53 22.04 20.72 20.72 18.28 15.99 16.12 15.57 12.62 10.84 12.26 10.82 7.36 7.91 9.16 5.76 3.81 5.85 6.55 8.51 6.92 3.57 6.72 6.87 3.25 3.44 1.34 0.00 1.34 3.42 3.45 2.88 5.07 7.02 6.19 8.81 10.87 12.33 13.26 14.28 16.84 16.96 17.97 21.09 24.45 25.32 19.97 22.72 25.11 24.84 18.54 23.42 26.64 24.95 22.04 16.54 22.75 23.71
13.06 11.96 14.88 12.80 16.52 14.67 10.20 12.40 15.46 18.14 21.52 22.46 24.80 22.08 22.46 21.03 21.61 19.30 16.61 17.03 17.14 14.15 10.76 14.06 12.83 9.42 9.52 10.98 8.21 4.99 6.87 5.63 8.93 9.02 5.83 8.01 6.80 3.13 3.64 3.32 1.34 0.00 1.34 3.39 3.29 2.71 5.25 7.03 7.80 9.10 11.04 12.46 12.19 15.31 16.58 17.36 19.90 23.20 23.62 17.73 21.32 23.81 23.17 17.65 22.65 25.33 23.23 20.38 15.02 20.74 21.36
10.56 8.80 11.89 10.20 13.84 12.05 7.68 10.89 13.34 16.02 19.30 19.51 22.44 20.19 21.09 20.11 20.87 18.22 15.68 16.77 16.78 13.52 10.82 14.51 13.45 9.99 10.76 12.68 10.46 7.03 9.22 8.36 11.38 11.88 8.60 10.78 9.14 5.26 3.11 3.41 3.42 1.34 0.00 1.34 3.34 3.24 3.12 5.24 7.00 7.45 9.16 11.04 12.24 13.57 14.46 16.47 18.75 21.89 21.93 16.81 19.45 21.74 20.78 14.69 20.11 22.68 20.36 17.54 12.04 17.96 19.10
11.91 7.36 10.45 9.51 11.83 9.81 5.42 7.77 10.46 13.14 16.53 17.93 19.98 17.29 18.06 17.07 17.55 14.88 12.44 13.46 13.28 10.01 8.09 11.16 10.19 6.95 7.66 9.85 7.37 3.57 7.85 8.82 12.00 11.89 8.47 12.19 11.16 6.96 5.21 2.97 3.45 3.39 1.34 0.00 1.33 3.30 3.29 2.91 4.96 6.89 7.65 8.88 10.85 12.49 12.20 14.05 16.92 20.15 20.83 16.26 17.99 20.36 20.09 13.75 18.52 21.79 20.41 17.45 12.03 18.46 19.36
12.09 10.13 12.29 9.84 13.09 11.82 7.29 8.06 12.26 14.20 17.79 19.16 20.77 17.74 17.71 16.12 16.23 14.69 11.92 11.18 11.67 9.56 4.85 7.76 8.40 5.11 3.83 5.62 6.45 3.44 4.08 4.26 7.82 8.85 7.14 10.38 11.15 7.74 7.06 4.97 2.88 3.29 3.34 1.33 0.00 1.34 3.44 3.49 3.02 5.11 7.02 7.74 8.49 11.00 12.30 12.41 15.22 18.59 19.54 14.07 17.13 19.67 19.75 14.77 18.80 21.93 20.87 17.89 12.91 18.83 18.95
8.79 10.02 10.97 7.21 11.94 11.82 6.85 8.63 12.70 14.16 17.42 17.99 20.07 17.67 17.90 16.60 18.02 15.83 12.62 14.10 15.11 12.18 7.61 12.43 12.18 8.77 8.63 10.80 10.19 6.73 8.50 7.85 11.55 12.78 10.35 12.80 11.50 8.98 7.30 6.95 5.07 2.71 3.24 3.30 1.34 0.00 1.33 3.38 3.26 2.99 5.09 6.92 7.38 9.14 10.95 12.11 14.00 17.17 17.37 11.87 15.10 17.63 17.12 12.47 16.98 19.50 17.96 14.96 10.16 15.69 15.76
7.42 4.39 7.63 4.89 8.49 8.44 3.76 6.01 9.55 10.93 14.09 14.62 16.77 14.59 15.35 14.58 15.98 13.43 10.25 12.53 13.30 10.37 7.42 11.33 11.78 7.93 9.28 11.87 11.84 8.37 10.77 10.73 14.35 15.40 12.54 15.63 15.21 11.24 8.89 6.91 7.02 5.25 3.12 3.29 3.44 1.33 0.00 1.34 3.30 3.36 2.94 4.99 6.97 7.92 8.24 10.69 12.72 15.75 16.00 12.05 13.22 15.55 15.19 9.66 14.09 17.08 15.94 12.98 8.00 14.22 14.58
10.37 8.37 8.80 6.85 9.10 7.82 3.85 3.92 7.76 9.75 13.28 14.70 16.05 13.00 12.95 11.64 12.79 10.40 7.71 8.60 8.85 5.83 3.68 6.51 7.01 3.72 4.52 7.30 6.79 3.39 7.33 9.64 12.59 11.79 9.08 13.93 15.03 11.19 10.85 7.81 6.19 7.03 5.24 2.91 3.49 3.38 1.34 0.00 1.34 3.47 3.62 3.05 5.16 7.17 7.48 7.99 10.98 14.28 15.58 11.64 12.66 15.26 15.99 11.34 14.27 17.91 17.73 14.93 10.02 16.37 16.05
10.21 11.05 10.57 6.86 10.79 10.83 6.04 5.97 10.80 11.92 15.01 16.11 17.41 14.66 14.05 12.40 14.38 12.80 8.76 10.64 11.96 9.23 4.23 9.24 10.54 7.65 7.32 10.00 11.19 8.45 9.68 9.15 12.85 14.70 12.76 16.25 16.86 13.59 12.61 10.83 8.81 7.80 7.00 4.96 3.02 3.26 3.30 1.34 0.00 1.33 3.35 3.24 2.97 5.07 6.91 7.31 9.24 12.57 13.58 8.43 11.36 14.07 14.69 11.38 14.33 17.25 16.99 14.00 10.48 15.60 14.45
2.89 7.70 8.81 3.10 8.83 10.68 6.42 7.09 11.40 11.22 13.64 14.19 15.74 13.81 13.82 12.68 14.91 13.45 8.75 11.62 13.71 11.40 6.50 11.44 13.24 10.18 9.96 12.79 14.06 11.11 12.69 12.33 16.15 17.47 15.37 18.70 19.12 15.33 13.17 12.38 10.87 9.10 7.45 6.89 5.11 2.99 3.36 3.47 1.33 0.00 1.34 3.35 3.35 3.12 5.03 7.04 8.33 11.21 11.28 7.08 8.90 11.48 11.54 8.12 11.51 14.11 12.13 9.29 5.41 9.43 9.56
8.61 7.19 6.05 3.36 5.72 7.15 3.90 3.90 7.71 7.93 10.40 11.17 12.58 10.39 10.48 9.87 11.84 10.28 5.53 8.78 11.03 9.00 6.50 10.20 11.82 7.56 10.34 13.17 13.95 11.04 14.19 14.51 18.26 18.73 16.56 20.60 21.00 17.04 15.36 13.48 12.33 11.04 9.16 7.65 7.02 5.09 2.94 3.62 3.35 1.34 0.00 1.33 3.43 3.55 3.01 4.90 7.10 9.96 10.89 7.94 7.64 10.19 11.26 7.24 9.55 13.14 13.72 11.05 7.36 12.91 12.02
11.38 10.13 9.06 5.80 8.00 9.83 6.58 4.27 9.56 8.81 11.78 12.68 13.64 10.60 8.54 5.87 7.82 7.55 4.12 3.60 6.33 6.78 3.39 6.34 9.05 8.40 7.85 10.85 12.78 11.64 12.03 13.41 16.69 16.74 16.02 20.24 21.53 18.17 17.05 14.96 13.26 12.46 11.04 8.88 7.74 6.92 4.99 3.05 3.24 3.35 1.33 0.00 1.33 3.36 3.49 2.67 4.88 8.27 10.20 7.41 7.81 10.61 12.25 9.35 11.44 14.93 15.64 12.93 9.77 14.98 13.70
10.69 12.09 11.35 7.19 10.27 12.40 9.29 6.69 12.34 11.01 13.57 13.79 15.35 12.51 12.00 9.53 12.52 11.72 6.96 9.27 11.45 10.58 6.43 10.45 12.97 11.16 10.72 13.82 15.70 13.99 13.12 13.11 16.69 18.57 17.82 20.35 20.85 18.16 17.24 16.58 14.28 12.19 12.24 10.85 8.49 7.38 6.97 5.16 2.97 3.35 3.43 1.33 0.00 1.34 3.50 4.01 3.69 6.64 7.78 3.88 6.17 9.01 10.09 8.59 11.15 13.60 14.43 11.77 10.83 13.99 11.38
8.24 9.47 8.71 3.69 7.34 11.07 9.18 7.66 12.89 10.32 11.50 10.74 12.67 10.18 10.94 9.16 12.13 12.02 7.10 10.40 13.10 12.44 9.07 12.89 15.36 12.87 13.45 16.49 18.22 16.22 17.44 17.70 21.41 22.40 20.77 24.50 25.19 21.48 19.70 18.32 16.84 15.31 13.57 12.49 11.00 9.14 7.92 7.17 5.07 3.12 3.55 3.36 1.34 0.00 1.33 3.41 3.32 5.45 5.85 3.49 3.09 5.77 6.54 3.70 6.64 9.17 9.56 7.00 7.09 9.58 7.17
12.04 8.97 6.39 3.77 3.51 6.60 7.17 3.73 7.63 5.02 6.82 6.90 8.65 6.61 6.86 5.50 8.07 8.62 3.87 7.56 10.33 8.21 8.48 11.32 11.80 9.44 12.95 15.67 16.65 14.49 17.82 19.18 22.64 21.17 20.32 25.06 25.97 21.96 20.52 17.95 16.96 16.58 14.46 12.20 12.30 10.95 8.24 7.48 6.91 5.03 3.01 3.49 3.50 1.33 0.00 1.34 3.57 5.64 7.67 5.52 3.50 7.13 8.68 4.18 5.08 9.48 10.98 9.54 8.93 12.43 10.66
14.93 13.70 11.80 8.49 8.14 12.49 11.78 6.63 12.46 9.59 10.96 10.76 11.73 8.66 8.08 3.79 7.71 8.46 4.19 4.55 8.39 9.49 6.62 9.28 12.01 11.78 11.45 14.26 16.42 15.95 16.12 17.61 20.86 20.00 20.30 24.57 26.02 22.86 22.20 20.11 17.97 17.36 16.47 14.05 12.41 12.11 10.69 7.99 7.31 7.04 4.90 2.67 4.01 3.41 1.34 0.00 1.33 3.66 6.44 6.54 5.24 8.21 10.28 8.83 9.32 13.12 14.65 13.05 12.64 15.82 12.94
15.32 15.26 13.08 9.58 8.40 14.98 14.26 9.77 15.45 12.26 12.94 11.35 12.93 10.27 10.07 6.75 10.46 11.93 7.55 8.39 12.60 13.52 11.03 13.80 16.51 15.57 15.60 18.56 20.69 19.71 19.85 20.96 24.40 24.39 24.14 28.09 29.18 25.87 24.74 22.97 21.09 19.90 18.75 16.92 15.22 14.00 12.72 10.98 9.24 8.33 7.10 4.88 3.69 3.32 3.57 1.33 0.00 1.33 2.87 2.91 2.85 4.78 6.74 7.56 7.84 10.65 12.24 11.66 13.26 14.23 10.61
17.67 17.05 14.22 11.63 8.76 16.73 17.04 12.52 17.81 14.10 13.75 11.25 12.94 10.37 10.67 7.63 11.54 13.56 9.17 9.88 14.99 16.05 14.19 16.85 19.51 18.54 18.98 21.88 23.99 22.98 23.27 24.42 27.86 27.64 27.57 31.56 32.62 29.23 27.96 26.19 24.45 23.20 21.89 20.15 18.59 17.17 15.75 14.28 12.57 11.21 9.96 8.27 6.64 5.45 5.64 3.66 1.33 0.00 1.34 3.57 3.93 3.23 5.27 7.30 6.88 9.02 10.78 11.99 13.87 14.34 10.61
15.28 15.81 13.86 10.37 9.84 16.89 16.66 14.31 19.11 15.73 15.35 12.93 14.82 12.44 12.99 10.32 14.13 16.04 11.18 12.66 17.61 18.24 16.51 19.31 21.94 20.33 21.19 24.15 26.17 24.48 25.35 26.10 29.76 29.99 29.30 33.04 33.64 29.89 28.06 26.58 25.32 23.62 21.93 20.83 19.54 17.37 16.00 15.58 13.58 11.28 10.89 10.20 7.78 5.85 7.67 6.44 2.87 1.34 0.00 1.34 3.38 3.40 3.02 5.12 6.97 7.35 8.00 9.45 11.53 11.13 7.43
11.98 12.31 10.63 6.91 7.72 13.67 13.18 11.78 16.18 13.35 13.16 11.26 13.47 11.88 13.17 11.68 14.75 15.42 10.11 13.44 16.91 16.41 12.81 17.14 19.77 17.57 17.00 20.22 22.18 20.13 19.76 19.82 23.47 25.25 24.08 26.92 27.22 24.04 22.44 21.65 19.97 17.73 16.81 16.26 14.07 11.87 12.05 11.64 8.43 7.08 7.94 7.41 3.88 3.49 5.52 6.54 2.91 3.57 1.34 0.00 1.34 3.36 3.29 2.86 4.93 6.83 7.69 6.84 8.65 9.38 5.75
13.84 12.42 9.35 7.44 3.08 10.66 12.60 8.92 11.11 7.20 5.18 3.30 4.28 2.84 4.59 4.51 7.18 7.81 3.34 8.56 11.03 10.96 11.88 14.12 14.76 14.53 17.43 19.70 21.29 20.11 22.88 23.95 27.52 24.98 25.66 30.58 31.36 27.46 25.67 23.79 22.72 21.32 19.45 17.99 17.13 15.10 13.22 12.66 11.36 8.90 7.64 7.81 6.17 3.09 3.50 5.24 2.85 3.93 3.38 1.34 0.00 1.33 3.33 3.27 2.84 4.97 6.95 7.40 9.16 10.71 7.44
15.44 14.46 11.53 9.39 6.69 14.51 15.40 12.89 16.88 13.30 12.23 9.59 11.81 10.54 12.24 11.63 14.29 15.35 9.84 14.72 17.52 16.96 16.43 19.32 20.94 18.92 21.39 24.14 25.76 23.63 26.08 26.61 30.26 29.92 29.02 33.21 33.83 29.87 27.98 26.10 25.11 23.81 21.74 20.36 19.67 17.63 15.55 15.26 14.07 11.48 10.19 10.61 9.01 5.77 7.13 8.21 4.78 3.23 3.40 3.36 1.33 0.00 1.34 3.41 3.47 3.14 5.14 6.85 9.58 10.02 6.81
12.58 12.42 10.68 8.22 8.53 14.46 14.34 14.47 17.76 15.10 14.19 10.98 13.79 13.16 15.02 14.32 17.07 17.85 12.34 17.15 19.95 19.06 18.34 21.35 22.59 19.96 22.92 25.69 26.93 24.07 26.96 27.15 30.94 31.46 29.49 33.35 33.23 29.25 26.86 25.29 24.84 23.17 20.78 20.09 19.75 17.12 15.19 15.99 14.69 11.54 11.26 12.25 10.09 6.54 8.68 10.28 6.74 5.27 3.02 3.29 3.33 1.34 0.00 1.33 3.39 3.32 2.94 4.09 6.52 6.55 3.60
6.24 4.48 2.71 2.90 3.77 6.41 6.78 8.96 10.47 9.16 8.97 6.00 9.96 10.68 12.84 13.11 15.21 13.94 9.29 13.94 16.23 13.47 14.06 16.87 15.96 13.29 17.52 20.40 19.83 17.00 21.31 22.41 26.01 25.63 23.17 27.44 27.04 22.95 20.53 18.34 18.54 17.65 14.69 13.75 14.77 12.47 9.66 11.34 11.38 8.12 7.24 9.35 8.59 3.70 4.18 8.83 7.56 7.30 5.12 2.86 3.27 3.41 1.33 0.00 1.33 3.24 3.60 2.79 3.83 6.36 4.18
12.34 11.11 6.81 7.49 2.66 9.97 12.00 10.86 13.01 9.71 7.89 5.35 7.48 7.89 10.08 10.56 13.24 12.72 8.29 13.88 16.39 14.46 15.53 18.22 17.58 16.19 20.13 22.84 23.55 21.18 24.91 26.07 29.64 28.27 27.28 31.91 32.30 28.22 26.23 23.88 23.42 22.65 20.11 18.52 18.80 16.98 14.09 14.27 14.33 11.51 9.55 11.44 11.15 6.64 5.08 9.32 7.84 6.88 6.97 4.93 2.84 3.47 3.39 1.33 0.00 1.34 3.73 4.77 7.17 8.82 6.45
13.31 13.05 9.98 9.99 7.95 14.07 15.37 15.48 17.73 14.84 13.07 9.13 12.19 13.49 15.69 16.11 18.73 18.08 13.46 18.83 21.40 19.57 20.04 22.93 22.65 20.76 24.49 27.26 28.00 25.27 28.80 29.46 33.19 32.84 31.14 35.35 35.20 31.15 28.72 26.83 26.64 25.33 22.68 21.79 21.93 19.50 17.08 17.91 17.25 14.11 13.14 14.93 13.60 9.17 9.48 13.12 10.65 9.02 7.35 6.83 4.97 3.14 3.32 3.24 1.34 0.00 1.33 3.77 7.37 7.72 6.45
9.96 10.71 9.65 9.05 9.86 14.10 13.79 16.45 18.23 16.31 15.10 9.68 14.54 15.96 18.19 18.53 21.04 20.41 15.53 20.66 23.21 21.00 20.84 24.06 23.63 20.96 24.66 27.50 27.61 24.56 28.18 28.55 32.33 33.00 30.22 33.83 32.78 28.84 25.89 24.53 24.95 23.23 20.36 20.41 20.87 17.96 15.94 17.73 16.99 12.13 13.72 15.64 14.43 9.56 10.98 14.65 12.24 10.78 8.00 7.69 6.95 5.14 2.94 3.60 3.73 1.33 0.00 1.33 3.75 3.44 3.88
7.91 8.13 7.52 6.15 8.45 11.74 10.93 14.17 15.89 14.23 13.82 8.04 14.07 15.47 17.82 18.30 20.52 19.34 14.62 19.08 21.52 18.86 18.16 21.67 21.33 18.39 21.94 24.78 24.95 21.74 25.25 25.53 29.33 30.10 27.24 30.91 30.04 26.07 23.25 21.78 22.04 20.38 17.54 17.45 17.89 14.96 12.98 14.93 14.00 9.29 11.05 12.93 11.77 7.00 9.54 13.05 11.66 11.99 9.45 6.84 7.40 6.85 4.09 2.79 4.77 3.77 1.33 0.00 1.33 3.16 3.15
3.53 2.75 4.22 3.52 7.33 8.19 5.61 10.19 12.23 12.46 13.43 9.02 14.95 15.49 17.48 17.80 19.62 17.42 13.49 16.92 18.75 15.64 14.40 17.97 17.68 13.92 17.32 20.14 19.87 16.48 20.11 20.57 24.26 24.88 21.85 25.46 24.51 20.52 17.73 16.15 16.54 15.02 12.04 12.03 12.91 10.16 8.00 10.02 10.48 5.41 7.36 9.77 10.83 7.09 8.93 12.64 13.26 13.87 11.53 8.65 9.16 9.58 6.52 3.83 7.17 7.37 3.75 1.33 0.00 1.34 3.16
7.41 9.54 10.35 7.97 12.24 14.19 12.37 16.54 18.49 17.69 17.60 11.97 18.15 19.23 21.39 21.32 23.51 22.33 17.68 21.76 24.10 21.45 20.10 23.83 23.92 20.46 23.68 26.46 26.61 23.17 26.42 26.28 30.15 31.27 28.30 31.51 30.19 26.37 23.29 22.28 22.75 20.74 17.96 18.46 18.83 15.69 14.22 16.37 15.60 9.43 12.91 14.98 13.99 9.58 12.43 15.82 14.23 14.34 11.13 9.38 10.71 10.02 6.55 6.36 8.82 7.72 3.44 3.16 1.34 0.00 1.34
9.26 11.40 11.64 7.66 11.31 15.38 13.79 15.66 18.85 16.99 16.71 12.85 16.95 17.06 19.02 18.27 20.94 20.68 15.53 19.79 22.42 20.66 19.00 22.68 23.91 20.61 23.25 26.06 27.16 23.93 26.63 26.03 30.01 31.49 29.01 32.07 31.20 27.45 24.66 23.86 23.71 21.36 19.10 19.36 18.95 15.76 14.58 16.05 14.45 9.56 12.02 13.70 11.38 7.17 10.66 12.94 10.61 10.61 7.43 5.75 7.44 6.81 3.60 4.18 6.45 6.45 3.88 3.15 3.16 1.34 0.00
